0.004695
0.004690
0.024875
0.086586
0.122653
0.132837
0.128514
0.120286
0.005767
0.062639
0.061501
0.018424
0.029744
0.003053
0.026688
0.004137
0.008682
0.010971
0.007453
0.085892
0.189129
0.105761
0.015843
0.015372
0.003020
0.008594
0.002487
0.011226
0.016324
0.010882
0.010226
0.015750
0.018787
0.022037
0.011598
0.015239
0.004021
0.003396
0.005701
0.001624
0.003013
0.002924
0.014357
0.044358
0.018936
0.020255
0.005380
0.015702
0.003211
0.036394
0.024014
0.018625
0.006323
0.001213
0.031430
0.025137
0.014354
0.011251
0.043590
0.030277
0.001300
0.002827
0.005077
0.003360
0.036490
0.020603
0.006406
0.004148
0.042043
0.018711
0.025684
0.030423
0.002212
0.011568
0.026498
0.023956
0.021793
0.002189
0.001309
0.010155
0.042350
0.018164
0.020502
0.010035
0.013508
0.008276
0.014215
0.073440
0.002293
0.038522
0.004004
0.001123
0.003580
0.004121
0.018353
0.063627
0.004133
0.012671
0.003384
0.016509
0.000404
0.039847
0.001642
0.016785
0.029001
0.011492
0.008976
0.017582
0.004931
0.048723
0.012209
0.014608
0.010354
0.032786
0.010697
0.003741
0.003845
0.012620
0.005859
0.004501
0.038631
0.007152
0.001056
0.012605
0.010736
0.004636
0.009690
0.011256
0.001597
0.011049
0.049882
0.016565
0.002977
0.018093
0.009212
0.027532
0.002600
0.037684
0.034057
0.009132
0.001140
0.043190
0.037640
0.001907
0.030449
0.053154
0.010724
0.002831
0.051276
0.008122
0.022282
0.011419
0.032640
0.035365
0.021205
0.010638
0.013499
0.003916
0.014054
0.011786
0.001178
0.003793
0.014978
0.019720
0.060310
0.001873
0.021020
0.007703
0.004807
0.001052
0.011179
0.070131
0.033228
0.030993
0.025590
0.018549
0.001444
0.031275
0.004056
0.039380
0.013650
0.004351
0.017354
0.026507
0.002310
0.043428
0.008492
0.001478
0.003982
0.011743
0.001326
0.005105
0.031491
0.031458
0.002240
0.000920
0.006143
0.005152
0.050939
0.011146
0.006236
0.021143
0.013482
0.121156
0.009478
0.002770
0.026106
0.000794
0.013207
0.019773
0.008588
0.008118
0.031053
0.022460
0.045644
0.004481
0.000363
0.006385
0.002127
0.024299
0.009102
0.028486
0.004926
0.008638
0.002759
0.013468
0.034218
0.010590
0.000864
0.009727
0.000270
0.011621
0.018830
0.019782
0.004606
0.011040
0.024338
0.008469
0.019675
0.018776
0.058221
0.001025
0.024604
0.042600
0.031888
0.033907
0.020681
0.012594
0.050072
0.004084
0.030491
0.001089
0.002510
0.005250
0.007731
0.033548
0.061074
0.046698
0.001240
0.032000
0.007473
0.017913
0.025033
0.041781
0.024896
0.018923
0.021597
0.021244
0.047389
0.010686
0.007406
0.001092
0.010137
0.083038
0.003871
0.004765
0.020910
0.000201
0.000668
0.002272
0.008643
0.003838
0.030075
0.002516
0.016231
0.007791
0.004146
0.072628
0.007764
0.004583
0.005626
0.003685
0.007199
0.003288
0.032953
0.051050
0.003482
0.017886
0.003252
0.010861
0.004233
0.005862
0.029755
0.008334
0.000033
0.030058
0.027300
0.010210
0.018512
0.013700
0.027502
0.062789
0.072159
0.042903
0.024731
0.008395
0.000496
0.048533
0.047482
0.014486
0.011029
0.033699
0.015536
0.015969
