0.889483
0.88701
0.888511
0.88417
0.888519
0.887488
0.886195
0.899457
0.886265
0.888447
0.882042
0.887107
0.89013
0.895204
0.888555
0.887627
0.892443
0.89001
0.892653
0.895464
0.884232
0.886087
0.889674
0.884728
0.890234
0.897916
0.892148
0.887683
0.887992
0.88637
0.895437
0.889483
0.693492
0.696403
0.694337
-nan(ind)
0.881923
0.677419
0.728571
0.717857
-nan(ind)
0.886165
0.695143
0.692661
0.70338
-nan(ind)
0.887143
0.696057
0.695954
0.693887
-nan(ind)
0.894285
0.694809
0.693396
0.697431
-nan(ind)
0.88806
0.686646
0.683158
0.687368
-nan(ind)
0.88943
0.703638
0.71286
0.704812
-nan(ind)
0.88507
0.690894
0.711241
0.700794
-nan(ind)
0.890778
0.692176
0.705731
0.716973
-nan(ind)
0.885928
0.687952
0.676719
0.711701
-nan(ind)
0.886428
0.695876
0.707216
0.686598
-nan(ind)
0.890816
0.711522
0.710261
0.702271
-nan(ind)
0.889069
0.699049
0.70791
0.707588
-nan(ind)
0.886858
0.689796
0.692857
0.698571
-nan(ind)
0.89128
0.67209
0.687109
0.698373
-nan(ind)
0.897356
0.718383
0.71224
0.720052
-nan(ind)
0.889934
0.717228
0.707865
0.717757
-nan(ind)
0.897465
0.676933
0.698931
0.686558
-nan(ind)
0.886853
0.700954
0.705177
0.70327
-nan(ind)
0.886298
0.693565
0.713987
0.710609
-nan(ind)
0.891727
0.658436
0.710744
0.744856
-nan(ind)
0.886735
0.703372
0.707043
0.704978
-nan(ind)
0.884014
0.730703
0.67753
0.738832
-nan(ind)
0.883024
0.704023
0.67482
0.690647
-nan(ind)
0.896511
0.720353
0.717147
0.703763
-nan(ind)
0.889637
0.705263
0.668421
0.688266
-nan(ind)
0.880534
0.697095
0.717842
0.718427
-nan(ind)
0.892246
0.688462
0.736031
0.694231
-nan(ind)
0.885217
0.678571
0.785714
0.736527
-nan(ind)
0.888046
0.697855
0.69599
0.699099
-nan(ind)
0.889448
0.708569
0.685402
0.712207
-nan(ind)
0.879749
0.666247
0.711223
0.68348
0.867692
0.774194
0.684783
0.75
-nan(ind)
