0.014119
0.0162928
0.0148541
0.0168684
0.0140506
0.0140325
0.0149593
0.0172218
0.0149674
0.0140348
0.0214377
0.0142022
0.0147282
0.0165032
0.0137983
0.015121
0.0142221
0.0139519
0.0137269
0.0137495
0.0156071
0.0156784
0.014382
0.015199
0.0135083
0.0134688
0.0149793
0.0130359
0.0148272
0.0155269
0.0132717
0.0139512
0.139658
0.133793
0.133356
-nan(ind)
0.0198175
0.151628
0.108859
0.123836
-nan(ind)
0.0146166
0.135454
0.133558
0.124243
-nan(ind)
0.0144104
0.138965
0.129858
0.13035
-nan(ind)
0.0135921
0.128301
0.135688
0.125492
-nan(ind)
0.0143678
0.145516
0.133054
0.137039
-nan(ind)
0.013439
0.122936
0.107294
0.129996
-nan(ind)
0.0152112
0.124051
0.119971
0.120288
-nan(ind)
0.0137121
0.133893
0.116414
0.126359
-nan(ind)
0.0139614
0.141238
0.159376
0.11057
-nan(ind)
0.0159244
0.124765
0.118937
0.148006
-nan(ind)
0.014019
0.126643
0.127134
0.122667
-nan(ind)
0.0141979
0.127572
0.122695
0.118285
-nan(ind)
0.0147476
0.141567
0.133578
0.127422
-nan(ind)
0.0144033
0.134727
0.132407
0.115914
-nan(ind)
0.0139015
0.12062
0.120432
0.108382
-nan(ind)
0.0142074
0.108499
0.109864
0.120279
-nan(ind)
0.0119859
0.136971
0.117746
0.131118
-nan(ind)
0.0149126
0.131349
0.116133
0.120418
-nan(ind)
0.0160445
0.130131
0.11903
0.126506
-nan(ind)
0.0134892
0.159153
0.128741
0.0919982
-nan(ind)
0.0138757
0.134259
0.130672
0.125747
-nan(ind)
0.0144447
0.114537
0.125907
0.128973
-nan(ind)
0.0145507
0.11596
0.117094
0.127482
-nan(ind)
0.0145578
0.122219
0.131967
0.124147
-nan(ind)
0.0164822
0.116177
0.13572
0.116953
-nan(ind)
0.0165394
0.114818
0.105948
0.124013
-nan(ind)
0.0132532
0.140729
0.120585
0.116635
-nan(ind)
0.0146787
0.180194
0.112039
0.104504
-nan(ind)
0.0136178
0.128158
0.133345
0.125414
-nan(ind)
0.0147633
0.123137
0.130287
0.126095
-nan(ind)
0.0166103
0.140728
0.121781
0.142059
0.0239294
0.0897078
0.133287
0.134373
-nan(ind)
