0.0218963
0.0219217
0.0214408
0.0219044
0.0211433
0.0210299
0.0217153
0.0222609
0.0215086
0.0211844
0.0224522
0.0212092
0.0212652
0.0201476
0.0207601
0.0214303
0.0209105
0.0212021
0.0211062
0.0210748
0.0218114
0.0216335
0.0212367
0.0220555
0.0210727
0.0207823
0.0209031
0.0205293
0.0217251
0.0213841
0.0206163
0.0211841
0.0734282
0.0718259
0.0723527
-0
0.0226478
0.0705704
0.0705375
0.0712065
-0
0.0213301
0.0734267
0.0729581
0.0696338
-0
0.0213518
0.0734209
0.0717627
0.0726998
-0
0.0214129
0.0718045
0.0729751
0.0734267
-0
0.0209668
0.0724118
0.0734271
0.0729727
-0
0.0213075
0.0710335
0.0694784
0.0700879
-0
0.0213894
0.0708875
0.0694368
0.0706417
-0
0.0212518
0.0733995
0.070179
0.0694723
-0
0.021451
0.071541
0.0734057
0.069894
-0
0.0215463
0.069577
0.071057
0.073412
-0
0.0210683
0.0695661
0.0728724
0.070244
-0
0.0213618
0.071615
0.0694335
0.0702642
-0
0.0214923
0.0734256
0.0727415
0.0702657
-0
0.0211007
0.0731008
0.073425
0.0713635
-0
0.0215186
0.0694511
0.0702227
0.0695732
-0
0.0215794
0.0694561
0.0705178
0.0702352
-0
0.0204967
0.0734115
0.0699711
0.0730582
-0
0.0216394
0.0721562
0.0694335
0.0700105
-0
0.0214655
0.0704383
0.0695116
0.0716592
-0
0.0212827
0.0723457
0.069508
0.0695183
-0
0.0214213
0.0725269
0.0723092
0.0694431
-0
0.0213439
0.0697513
0.0710578
0.0733636
-0
0.0214369
0.0731307
0.0694676
0.0701261
-0
0.0210185
0.069515
0.0728389
0.0702529
-0
0.021193
0.0694424
0.0730847
0.0708524
-0
0.0224245
0.0696284
0.0699161
0.0715877
-0
0.021239
0.0728053
0.0697511
0.0708298
-0
0.0203474
0.0698326
0.0730353
0.0695594
-0
0.0210641
0.0717534
0.0734252
0.0707017
-0
0.021383
0.0713966
0.0734111
0.0694616
-0
0.0223339
0.0722226
0.0734052
0.072316
0.0225178
0.0704579
0.0729915
0.0727813
-0
