0.132172
0.131303
0.129282
0.129865
0.1258
0.126558
0.130331
0.12402
0.128292
0.126043
0.132367
0.127109
0.127327
0.118453
0.124351
0.127475
0.126384
0.126792
0.126954
0.126197
0.131326
0.129627
0.126388
0.133265
0.126363
0.124892
0.122809
0.124252
0.130374
0.127615
0.123306
0.125661
0.445583
0.429466
0.436783
-nan(ind)
0.132521
0.456809
0.409646
0.41587
-nan(ind)
0.126554
0.438039
0.435482
0.416741
-nan(ind)
0.127254
0.44418
0.434346
0.439725
-nan(ind)
0.129032
0.43546
0.439941
0.429944
-nan(ind)
0.126054
0.44929
0.434663
0.438856
-nan(ind)
0.127605
0.400662
0.406953
0.428544
-nan(ind)
0.12908
0.427996
0.411721
0.420662
-nan(ind)
0.128114
0.447866
0.417028
0.421614
-nan(ind)
0.129049
0.444824
0.467871
0.401406
-nan(ind)
0.128397
0.426205
0.411383
0.455015
-nan(ind)
0.126912
0.433281
0.429712
0.417021
-nan(ind)
0.127561
0.428571
0.424793
0.413166
-nan(ind)
0.128182
0.439748
0.437823
0.422441
-nan(ind)
0.127012
0.442657
0.460589
0.418675
-nan(ind)
0.129791
0.42547
0.417429
0.396756
-nan(ind)
0.130173
0.398424
0.424611
0.431554
-nan(ind)
0.122978
0.453487
0.412055
0.445698
-nan(ind)
0.128994
0.434718
0.412836
0.417445
-nan(ind)
0.128481
0.425572
0.418681
0.421026
-nan(ind)
0.122156
0.47141
0.410671
0.355703
-nan(ind)
0.127682
0.434071
0.431689
0.414239
-nan(ind)
0.129335
0.414622
0.435915
0.409295
-nan(ind)
0.128684
0.39293
0.42493
0.43253
-nan(ind)
0.126784
0.415515
0.429772
0.423844
-nan(ind)
0.128487
0.405861
0.434179
0.406552
-nan(ind)
0.135529
0.40161
0.399416
0.428581
-nan(ind)
0.128452
0.446269
0.40372
0.426475
-nan(ind)
0.120016
0.488284
0.413854
0.374098
-nan(ind)
0.125523
0.427563
0.437634
0.425677
-nan(ind)
0.1289
0.423278
0.425656
0.41941
-nan(ind)
0.134449
0.441203
0.407252
0.442215
0.12796
0.368571
0.442301
0.414747
-nan(ind)
