0.118053
0.11501
0.114428
0.112997
0.111749
0.112525
0.115372
0.106798
0.113325
0.112008
0.110929
0.112907
0.112599
0.101949
0.110553
0.112354
0.112162
0.11284
0.113227
0.112447
0.115719
0.113948
0.112006
0.118066
0.112855
0.111423
0.10783
0.111216
0.115547
0.112089
0.110034
0.111709
0.305925
0.295673
0.303427
-nan(ind)
0.112704
0.305181
0.300786
0.292034
-nan(ind)
0.111937
0.302585
0.301925
0.292498
-nan(ind)
0.112844
0.305215
0.304488
0.309375
-nan(ind)
0.11544
0.30716
0.304253
0.304452
-nan(ind)
0.111686
0.303774
0.301609
0.301816
-nan(ind)
0.114166
0.277726
0.299659
0.298549
-nan(ind)
0.113869
0.303945
0.29175
0.300374
-nan(ind)
0.114402
0.313973
0.300614
0.295255
-nan(ind)
0.115088
0.303587
0.308495
0.290835
-nan(ind)
0.112473
0.30144
0.292446
0.307008
-nan(ind)
0.112894
0.306639
0.302578
0.294353
-nan(ind)
0.113364
0.301
0.302098
0.294881
-nan(ind)
0.113434
0.29818
0.304246
0.295019
-nan(ind)
0.112608
0.30793
0.328182
0.302761
-nan(ind)
0.11589
0.30485
0.296997
0.288373
-nan(ind)
0.115966
0.289925
0.314747
0.311275
-nan(ind)
0.110993
0.316516
0.294309
0.314579
-nan(ind)
0.114082
0.303369
0.296703
0.297027
-nan(ind)
0.112437
0.295441
0.299651
0.294521
-nan(ind)
0.108667
0.312257
0.28193
0.263704
-nan(ind)
0.113807
0.299812
0.301017
0.288493
-nan(ind)
0.11489
0.300085
0.310008
0.280321
-nan(ind)
0.114133
0.27697
0.307836
0.305048
-nan(ind)
0.112226
0.293296
0.297805
0.299697
-nan(ind)
0.112005
0.289684
0.298459
0.289599
-nan(ind)
0.118989
0.286792
0.293468
0.304569
-nan(ind)
0.115199
0.30554
0.283134
0.30984
-nan(ind)
0.105338
0.30809
0.301814
0.269594
-nan(ind)
0.111905
0.299406
0.304289
0.300263
-nan(ind)
0.114137
0.300141
0.295369
0.293315
-nan(ind)
0.117839
0.300476
0.285471
0.300156
0.10403
0.278863
0.309014
0.280374
-nan(ind)
