0.00233903
0.00272017
0.00246348
0.0028452
0.00236149
0.00233175
0.00249246
0.00309123
0.00250935
0.00235887
0.0036363
0.00236974
0.00245979
0.00280703
0.00230359
0.00254206
0.00235363
0.00233303
0.00228211
0.00229616
0.00259211
0.00261658
0.00241658
0.00251545
0.00225269
0.00224123
0.00254961
0.00215383
0.00247074
0.00260179
0.00221898
0.00235192
0.0230145
0.0223771
0.0220903
-0
0.0033868
0.0229686
0.0187447
0.0212035
-0
0.00246358
0.0227055
0.0223754
0.0207583
-0
0.0024179
0.0229703
0.0214552
0.0215508
-0
0.00225563
0.0211559
0.0225071
0.0214318
-0
0.00238981
0.0234527
0.0224766
0.0227868
-0
0.00224404
0.0217954
0.0183181
0.0212606
-0
0.00252061
0.0205469
0.0202371
0.0201999
-0
0.0022746
0.0219366
0.0195905
0.0207634
-0
0.00232071
0.0227152
0.0250009
0.0192529
-0
0.00267226
0.0203684
0.0205436
0.0238793
-0
0.00232724
0.0203151
0.0215671
0.0206624
-0
0.00237761
0.0213174
0.0200599
0.0201159
-0
0.00247273
0.0236378
0.0221987
0.0211944
-0
0.00239285
0.022249
0.0211076
0.0197577
-0
0.00230478
0.0196892
0.0201945
0.0190054
-0
0.00235523
0.0189929
0.0181798
0.0195753
-0
0.00199769
0.0221732
0.0199945
0.0214928
-0
0.00250166
0.0218008
0.0195324
0.0201955
-0
0.00268057
0.0215402
0.019763
0.0215314
-0
0.00235016
0.0243951
0.0219776
0.0179801
-0
0.00232792
0.0224293
0.021888
0.0210817
-0
0.00238379
0.0192684
0.020566
0.0231177
-0
0.00242395
0.020734
0.0191426
0.0206687
-0
0.00241343
0.0204157
0.0223661
0.0205776
-0
0.00271861
0.0198778
0.0228456
0.0203822
-0
0.00273659
0.0200127
0.0185614
0.0207144
-0
0.00219135
0.0229588
0.0208736
0.0193809
-0
0.00248861
0.0257707
0.0197723
0.0194314
-0
0.00228522
0.0215073
0.0223723
0.0208322
-0
0.00244904
0.0207701
0.02247
0.0208835
-0
0.0027592
0.0230745
0.0219558
0.0232311
0.004211
0.017149
0.0219959
0.0235803
-0
