0.000000
0.000000
0.000000
0.078678
0.000000
0.000000
0.000000
0.132397
0.004073
0.000000
0.000000
0.000000
0.000000
0.000000
0.000000
0.000000
0.000000
0.000000
0.000000
0.005633
0.006200
0.067496
0.000000
0.000000
0.000000
0.052702
0.143269
0.079229
0.000000
0.000000
0.000000
0.000000
0.000000
0.000000
0.000000
0.000000
0.000000
0.011735
0.000000
0.000000
0.000000
0.000000
0.000000
0.000000
0.121366
0.000000
0.039381
0.051716
0.000000
0.000000
0.008497
0.000000
0.000000
0.042922
0.000000
0.000000
0.000000
0.000000
0.000000
0.035469
0.000000
0.000000
0.049325
0.000000
0.000000
0.000000
0.000000
0.000000
0.035726
0.000000
0.000000
0.000000
0.000000
0.000000
0.022091
0.000000
0.000000
0.000000
0.000000
0.030697
0.000000
0.000000
0.006926
0.000000
0.000000
0.000000
0.000000
0.000000
0.000000
0.000000
0.000000
0.000000
0.021986
