0.085596
0.016884
0.023118
0.012505
0.018006
0.016969
0.008463
0.021096
0.054514
0.108276
0.020546
0.002774
0.017208
0.015149
0.147451
0.020262
0.031802
0.087166
0.062730
0.044646
0.068622
0.061788
0.038578
0.092183
0.042834
0.058775
0.014199
0.015143
0.020993
0.008989
0.007951
0.038069
0.103849
0.019414
0.090350
0.152873
0.021699
0.045163
0.083302
0.035997
0.075764
0.003230
0.021778
0.040541
0.008430
0.133986
0.106113
0.112852
0.110189
0.047728
0.058005
0.001811
0.006545
0.005403
0.024888
0.046837
0.016669
0.014026
0.024831
0.007952
0.022270
0.089579
0.031578
0.071429
0.053144
0.006336
0.086655
0.057859
0.094958
0.062725
0.276785
0.341367
0.294652
0.268945
0.049746
0.091656
0.057405
0.052335
0.043246
0.024616
0.044567
0.091358
0.034770
0.040949
0.087874
0.005683
0.035156
0.041009
0.025747
0.057272
0.101591
0.001658
0.023544
0.160657
0.023797
0.050293
0.025318
0.056269
0.004352
0.076296
0.025774
0.023383
0.047864
0.020372
0.031115
0.073036
0.028808
0.062994
0.032172
0.058752
0.140795
0.131366
0.003079
0.042992
0.128236
0.118010
0.059165
0.038314
0.021160
0.033996
0.256280
0.037147
0.011107
0.032374
0.009819
0.005951
0.003650
0.026591
0.018034
0.062445
0.075942
0.103752
0.081036
0.079421
0.056956
0.065331
0.014821
0.185931
0.134801
0.042921
0.002307
0.090278
0.046800
0.040851
0.046300
0.044329
0.141461
0.077279
0.087323
0.013439
0.046372
0.096356
0.085771
0.028139
0.025695
0.038576
0.047020
0.025661
0.060319
0.009346
0.012728
0.010797
0.098795
0.092265
0.017825
0.012489
0.049349
0.074496
0.022183
0.002045
0.012623
0.191000
0.082709
0.022278
0.026715
0.014235
0.071610
0.020585
0.019090
0.000317
0.031977
0.075223
0.017024
0.033599
0.011200
0.080578
0.053730
0.307078
0.239334
0.283320
0.234303
0.269248
0.149914
0.141279
0.155414
0.021881
0.021881
0.062158
0.154294
0.146825
0.041367
0.040013
0.022515
0.032773
0.026298
0.025628
0.058645
0.075866
0.031690
0.078089
0.036345
0.218707
0.139009
0.072155
0.068961
0.073274
0.052386
0.183014
0.087321
0.014070
0.029988
0.028754
0.018588
0.083364
0.015275
0.044064
0.024402
0.009885
0.017321
0.022002
0.034754
0.080936
0.018005
0.045532
0.100071
0.054695
0.003817
0.002828
0.015712
0.012501
0.115292
0.026471
0.022583
0.032795
0.047765
0.022521
0.050815
0.039455
0.022651
0.041377
0.028380
0.035566
0.046014
0.001448
0.070714
0.041137
0.112613
0.024617
0.080065
0.120264
0.110191
0.064484
0.020873
0.037320
0.004388
0.073646
0.101348
0.059000
0.086563
0.022836
0.033018
0.041663
0.012214
0.002514
0.046948
0.027958
0.027416
0.064857
0.031238
0.020578
0.018073
0.044917
0.087577
0.048927
0.003889
0.012487
0.042038
0.019946
0.029279
0.061791
0.047701
0.037273
0.018770
0.293744
0.228208
0.332519
0.287423
0.131217
0.036637
0.056886
0.025708
0.017615
0.008933
0.018502
0.024169
0.036310
0.052171
0.017679
0.047309
0.035496
0.039249
0.058297
0.013420
0.012236
0.010157
0.008083
0.013798
0.005461
0.029931
0.073775
0.042682
0.034939
0.094731
0.058874
0.077554
0.016641
0.022632
0.000025
0.064818
0.035914
0.044315
0.020610
0.066676
0.020200
0.051428
0.029805
0.121494
0.028134
0.023446
0.023346
0.016757
0.098255
0.061679
0.006658
0.040506
0.009418
0.001559
0.007716
0.043582
0.011366
0.207950
0.183629
0.045616
0.117034
0.049581
0.004551
0.010602
0.022578
0.030862
0.033979
0.084062
0.018514
0.020149
0.002911
0.014524
0.000174
0.069717
0.032767
0.006188
0.023246
0.010117
0.069878
0.101303
0.028428
0.013571
0.088300
0.048302
0.079261
0.108857
0.045601
0.000195
0.039693
0.014550
0.043823
0.013076
0.006792
0.058720
0.026346
0.079924
0.075216
0.100745
0.087982
0.116006
0.064735
0.040436
0.007792
0.103852
0.149207
0.085325
0.025580
0.209853
0.018235
0.173511
0.003256
0.053682
0.024069
0.022963
0.073677
0.018632
0.131890
0.114229
0.015780
0.057504
0.054614
0.090634
0.002029
0.061478
0.109241
0.048819
0.084813
0.079837
0.075571
0.097956
0.004977
0.090808
0.009398
0.003548
0.026351
0.001399
0.034021
0.058739
0.060923
0.000295
0.059617
0.006732
0.033412
0.078187
0.022113
0.001455
0.155407
0.032098
0.014024
0.006495
0.001099
0.017551
0.043446
0.085548
0.017407
0.073276
0.025544
0.032578
0.015899
0.019675
0.034704
0.003899
0.145799
0.053493
0.033422
0.011969
0.008785
0.051631
0.025313
0.057721
0.024582
0.009164
0.035602
0.039807
0.061795
0.019001
0.035879
0.027344
0.069991
0.002599
0.004344
0.011416
0.032293
0.026395
0.086693
0.041125
0.098436
0.002972
0.023857
0.025658
0.250793
0.225390
0.187340
0.070528
0.035580
0.039116
0.049172
0.006533
0.011622
0.007664
0.213554
0.172985
0.148564
0.158483
0.126336
0.050030
0.121958
0.076982
0.049999
0.056671
0.039619
0.027668
0.109050
0.017239
0.010624
0.037101
0.027262
0.082293
0.003107
0.005110
0.002072
0.023039
0.094839
0.074979
0.000559
0.003935
0.021858
0.029315
0.032174
0.096430
0.030240
0.106885
0.225410
0.128156
0.024027
0.022763
0.071431
0.015784
0.075932
0.043307
0.031612
0.041660
0.009599
0.160863
0.041063
0.033262
0.012887
0.233268
0.096527
0.109837
0.073818
0.064248
0.065714
0.042812
0.016128
0.122346
0.099960
0.395171
0.225149
0.036539
0.003755
0.069821
0.125437
0.098384
0.219177
0.269700
0.240462
0.105578
0.075378
0.097416
0.104749
0.112585
0.107212
0.035986
0.016797
0.009057
0.050107
0.019428
0.007643
0.004913
0.016826
0.102892
0.054214
0.006431
0.072935
0.036549
0.011424
0.040872
0.035908
0.002468
0.056632
0.050179
0.060237
0.034705
0.060327
0.060254
0.112716
0.092837
0.021440
0.033273
0.075110
0.003213
0.068614
0.100041
0.031784
0.018321
0.000179
0.054742
0.018585
0.074047
0.001134
0.000433
0.005770
0.042946
0.032439
0.020306
0.071957
0.033585
0.007290
0.000631
0.030148
0.046305
0.039723
0.096165
0.046762
0.020599
0.000606
0.252252
0.095822
0.009630
0.023523
0.056203
0.055846
0.162068
0.082186
0.048049
0.018313
0.016613
0.137534
0.054140
0.040378
0.031341
0.020887
0.001712
0.025185
0.055570
0.031629
0.068504
0.017789
0.004337
0.081493
0.022603
0.012612
0.052305
0.108430
0.032286
0.107417
0.000933
0.008782
0.006417
0.023484
0.116101
0.014963
0.028499
0.016363
0.014699
0.003878
0.041964
0.066644
0.018257
0.011712
0.034648
0.006389
0.012459
0.013975
0.032500
0.055927
0.066946
0.022946
0.041892
0.004817
0.029426
0.092409
0.025479
0.064569
0.045889
0.154010
0.216331
0.161364
0.130590
0.156671
0.101751
0.054646
0.004149
0.034145
0.014552
0.003166
0.005022
0.001070
0.000460
0.026516
0.003424
0.059016
0.041190
0.007083
0.067614
0.015010
0.107626
0.173579
0.087010
0.028589
0.105627
0.097743
0.072553
0.074273
0.052578
0.042275
0.038128
0.146321
0.040328
0.067848
0.063010
0.050792
0.027364
0.042611
0.002057
0.004172
0.006247
0.207793
0.167005
0.159207
0.072503
0.033173
0.001040
0.071184
0.023076
0.024349
0.009365
0.128538
0.081694
0.075799
0.048020
0.026589
0.125868
0.081483
0.030150
0.054916
0.033840
0.056624
0.016958
0.026540
0.107036
0.044317
0.043996
0.043541
0.002904
0.021846
0.047859
0.035698
0.036448
0.005514
0.023872
0.037686
0.015073
0.046909
0.006743
0.016355
0.038664
0.063668
0.032140
0.005490
0.124326
0.012690
0.004921
0.039374
0.034113
0.052977
0.031671
0.047734
0.146999
0.093764
0.022230
0.088251
0.032224
0.285593
0.017557
0.001600
0.009530
0.076495
0.007471
0.076096
0.010925
0.030826
0.060202
0.059198
0.031457
0.101176
0.083915
0.149583
0.102833
0.048121
0.079994
0.071559
0.025168
0.009081
0.016281
0.043290
0.010938
0.020110
0.162312
0.062240
0.066472
0.073964
0.030293
0.019164
0.085940
0.003038
0.170982
0.026075
0.036641
0.007499
0.029047
0.024745
0.023624
0.068518
0.004548
0.082475
0.003337
0.006202
0.006328
0.054439
0.120627
0.085164
0.066909
0.006646
0.124272
0.029495
0.001545
0.071638
0.017420
0.122072
0.112300
0.124221
0.005945
0.080056
0.075957
0.071263
0.069548
0.022665
0.022960
0.132227
0.015049
0.011082
0.000942
0.020201
0.018694
0.106122
0.102038
0.127938
0.065578
0.067695
0.027243
0.073513
0.091650
0.074314
0.004965
0.043914
0.023855
0.056470
0.008404
0.090796
0.016978
0.029039
0.089826
0.060407
0.100958
0.051342
0.002358
0.034624
0.043775
0.000155
0.073145
0.043707
0.043462
0.013681
0.011767
0.005480
0.066520
0.001235
0.014797
0.012536
0.001267
0.008380
0.060294
0.084297
0.008087
0.009124
0.069663
0.000464
0.017110
0.016925
0.019701
0.002736
0.024604
0.095731
0.048083
0.001679
0.050877
0.048614
0.030471
0.018011
0.128055
0.124039
0.138626
0.039162
0.086021
0.001955
0.091935
0.016010
0.050519
0.011520
0.019839
0.024628
0.024382
0.084399
0.004643
0.009211
0.014596
0.000239
0.069321
0.030556
0.027960
0.092911
0.006693
0.008437
0.081506
0.027848
0.019686
0.005788
0.064863
0.023626
0.063457
0.129174
0.003983
0.007483
0.007828
0.048177
0.026089
0.103197
0.043311
0.048298
0.034766
0.028289
0.004318
0.046788
0.115951
0.069005
0.044601
0.060500
0.031106
0.031084
0.046947
0.033389
0.029196
0.015693
0.001886
0.024672
0.047862
0.010600
0.046041
0.111043
0.057928
0.085197
0.043101
0.026368
0.021164
0.018989
0.008731
0.006251
0.015264
0.036785
0.070775
0.096791
0.019239
0.014393
0.026923
0.041241
0.048767
0.057350
0.018177
0.077198
0.019768
0.106512
0.021389
0.008570
0.083772
0.015638
0.028880
0.034851
0.023714
0.098099
0.044742
0.083875
0.040712
0.001201
0.006918
0.001715
0.011573
0.010255
0.014582
0.094474
0.076497
0.049956
0.064482
0.118128
0.043275
0.019471
0.064170
0.002865
0.005303
0.059142
0.014782
0.017361
0.012971
0.005230
0.033355
0.001366
0.075811
0.029002
0.047941
0.067114
0.041505
0.052069
0.139466
0.082493
0.025599
0.011222
0.010596
0.149770
0.198633
0.137602
0.010700
0.006451
0.243976
0.149327
0.014954
0.000219
0.015642
0.063487
0.113610
0.120185
0.024345
0.006748
0.017005
0.045012
0.169788
0.168172
0.135350
0.008365
0.005161
0.067400
0.069589
0.093547
0.018831
0.015648
0.077553
0.018508
0.072284
0.060309
0.135284
0.084620
0.105921
0.087838
0.014306
0.067874
0.012213
0.047869
0.068548
0.002862
0.104415
0.098555
0.150652
0.125553
0.116350
0.005938
0.039057
0.040834
0.007791
0.079152
0.038994
0.005124
0.061988
0.046718
0.129468
0.050003
0.049465
0.140116
0.105597
0.063638
0.000655
0.028451
0.041375
0.031925
0.072561
0.021315
0.010599
0.001132
0.026824
0.017099
0.000057
0.025542
0.024703
0.067166
0.129813
0.115867
0.004156
0.022736
0.032163
0.040842
0.004125
0.030031
0.283696
0.157044
0.037171
0.003539
0.097687
0.129484
0.031125
0.023396
0.003718
0.003451
0.070350
0.133341
0.016851
0.021358
0.010060
0.108083
0.009703
0.005166
0.000685
0.008896
0.096735
0.054879
0.017703
0.078534
0.003577
0.016798
0.004758
0.187609
0.141200
0.101925
0.109350
0.015577
0.132539
0.009150
0.007026
0.019849
0.012214
0.005171
0.008619
0.077248
0.076800
0.058519
0.033051
0.059260
0.083781
0.029291
0.076614
0.003326
0.018667
0.017147
0.007497
0.000678
0.051271
0.064899
0.034433
0.039864
0.062016
0.000300
0.005943
0.048188
0.060647
0.045470
0.072656
0.104964
0.133525
0.120906
0.082620
0.047852
0.346891
0.173247
0.190834
0.115457
0.160824
0.040357
0.025718
0.049394
0.021319
0.028466
0.003309
0.005559
0.037645
0.025187
0.024265
0.006303
0.005105
0.004054
0.069638
0.082686
0.004578
0.014183
0.059278
0.143897
0.118913
0.201633
0.009899
0.013537
0.082161
0.008382
0.034238
0.032882
0.008026
0.040198
0.195551
0.119209
0.001494
0.044903
0.121008
0.007125
0.045448
0.024469
0.148256
0.020313
0.061993
0.024073
0.169398
0.120387
0.050173
0.122271
0.181032
0.214370
0.210259
0.083346
0.109746
0.005518
0.049616
0.090166
0.021379
0.042223
0.017132
0.046919
0.002115
0.073461
0.014157
0.039971
0.021628
0.014365
0.037239
0.002321
0.062156
0.005951
0.015709
0.046800
0.012441
0.095321
0.047463
0.004849
0.027424
0.060400
0.026187
0.007270
0.007697
0.050820
0.039324
0.037160
0.014083
0.069944
0.050461
0.004125
0.058413
0.027400
0.019988
0.015610
0.024249
0.003532
0.023572
0.051287
0.031349
0.001089
0.138284
0.107468
0.007394
0.172360
0.143643
0.173035
0.231785
0.130625
0.039293
0.080696
0.118736
0.013309
0.011409
0.020322
0.094199
0.084888
0.098803
0.027934
0.084563
0.043925
0.120683
0.004451
0.019022
0.007082
0.144471
0.055789
0.075453
0.117281
0.006294
0.042401
0.022784
0.002576
0.000374
0.044922
0.033638
0.046193
0.011836
0.006759
0.038833
0.013178
0.013424
0.019843
0.093660
0.079956
0.017526
0.082354
0.023709
0.353788
0.315765
0.070100
0.093393
0.047848
0.024648
0.009817
0.044022
0.093395
0.053105
0.011737
0.032226
0.018210
0.040569
0.044253
0.027440
0.093721
0.027244
0.054848
0.028112
0.027160
0.022802
0.044420
0.235739
0.194623
0.214249
0.370600
0.009087
0.009172
0.035669
0.026308
0.063600
0.021820
0.051685
0.023927
0.080145
0.052458
0.011320
0.022919
0.024124
0.218057
0.109396
0.216884
0.060717
0.080138
0.053039
0.028481
0.009455
0.006700
0.011269
0.004281
0.056383
0.020763
0.087689
0.004831
0.005863
0.090090
0.000713
0.042190
0.032930
0.048869
0.005978
0.003244
0.022523
0.047154
0.025497
0.115966
0.077222
0.074223
0.069591
0.022924
0.039734
0.018694
0.138350
0.090000
0.112568
0.026534
0.021090
0.022213
0.002828
0.005358
0.006097
0.074406
0.047343
0.060940
0.063311
0.173518
0.080962
0.024096
0.007584
0.005347
0.008134
0.016128
0.002700
0.020552
0.020251
0.066360
0.070625
0.130026
0.068602
0.007926
0.008825
0.052714
0.030173
0.019058
0.042119
0.046419
0.024069
0.055735
0.022244
0.005643
0.026248
0.033670
0.015354
0.009689
0.056551
0.048856
0.074395
0.016299
0.003822
0.023909
0.048139
0.017000
0.009066
0.007600
0.122169
0.022121
0.000205
0.010605
0.005817
0.139826
0.138660
0.027387
0.063945
0.038203
0.061975
0.030328
0.020354
0.122386
0.031873
0.011573
0.025316
0.129122
0.048884
0.131347
0.138639
0.150071
0.055853
0.002188
0.011286
0.087725
0.007745
0.027056
0.014526
0.038269
0.015398
0.074973
0.016075
0.053785
0.032615
0.144483
0.021855
0.012206
0.041338
0.069554
0.039326
0.042632
0.081954
0.030129
0.083635
0.080519
0.033743
0.067924
0.002079
0.040807
0.197137
0.100524
0.021660
0.014375
0.114736
0.090305
0.102008
0.039982
0.128447
0.044058
0.017524
0.151035
0.103414
0.100887
0.142875
0.074859
0.011669
0.030764
0.107614
0.085336
0.002487
0.077388
0.016914
0.050600
0.024597
0.058209
0.000115
0.086703
0.126212
0.005737
0.001610
0.014597
0.009675
0.075010
0.004070
0.032393
0.029262
0.052931
0.034814
0.007065
0.016186
0.032057
0.021613
0.093535
0.064156
0.110131
0.004273
0.033286
0.009883
0.060411
0.045001
0.014330
0.008371
0.057338
0.061304
0.005174
0.013123
0.009371
0.128891
0.002137
0.136262
0.013087
0.177909
0.143102
0.082062
0.016516
0.040845
0.055357
0.068955
0.014530
0.016930
0.058864
0.041766
0.032615
0.130973
0.099179
0.086220
0.057144
0.058742
0.000851
0.106459
0.007224
0.105017
0.068218
0.028128
0.005246
0.053953
0.003439
0.001591
0.065435
0.005106
0.000705
0.011806
0.007307
0.128136
0.018826
0.042950
0.050343
0.048393
0.000446
0.031961
0.010132
0.015933
0.095509
0.053328
0.015555
0.060511
0.081725
0.065719
0.082002
0.023919
0.013188
0.017945
0.000063
0.049815
0.015558
0.131248
0.008644
0.046393
0.011076
0.069469
0.054932
0.046014
0.012913
0.128335
0.021752
0.082430
0.055618
0.012376
0.072111
0.039697
0.074616
0.049781
0.082171
0.063627
0.060134
0.014848
0.081727
0.131804
0.275335
0.146776
0.142071
0.156571
0.220824
0.059793
0.136601
0.014217
0.003667
0.010962
0.039354
0.037513
0.067851
0.064374
0.055469
0.074577
0.072700
0.069101
0.119317
0.113298
0.003893
0.004093
0.079831
0.070588
0.016871
0.001195
0.041520
0.040954
0.005646
0.081771
0.059936
0.027666
0.012421
0.115221
0.077857
0.087463
0.037873
0.069718
0.065787
0.048683
0.008025
0.017052
0.025478
0.079180
0.009645
0.114990
0.085574
0.035043
0.116832
0.099479
0.019958
0.011502
0.015799
0.074809
0.012283
0.019486
0.008191
0.145059
0.131967
0.028282
0.013720
0.096998
0.049796
0.026587
0.017546
0.003309
0.063746
0.068710
0.288189
0.277594
0.135064
0.158309
0.133583
0.182177
0.049162
0.030300
0.022132
0.002870
0.006149
0.010675
0.005941
0.142325
0.051552
0.024112
0.035196
0.044422
0.206769
0.046532
0.075288
0.024916
0.018008
0.096860
0.026680
0.012507
0.146318
0.021495
0.038974
0.008694
0.004462
0.003942
0.058005
0.028720
0.029243
0.028218
0.022360
0.051730
0.048709
0.135371
0.027680
0.161683
0.110858
0.144225
0.219374
0.232329
0.159696
0.086078
0.037149
0.070312
0.006899
0.003658
0.006725
0.006398
0.044334
0.029612
0.024690
0.018985
0.024582
0.033352
0.027693
0.009360
0.010962
0.051738
0.010888
0.074709
0.077271
0.067467
0.022511
0.035644
0.079490
0.066048
0.059211
0.005129
0.113703
0.035176
0.157352
0.146323
0.047616
0.025678
0.042651
0.000654
0.122174
0.085173
0.152764
0.079742
0.023020
0.195868
0.010684
0.020279
0.015660
0.047433
0.014806
0.001173
0.089305
0.076998
0.012564
0.015234
0.003031
0.004884
0.023346
0.025609
0.002423
0.056417
0.050110
0.061843
0.041261
0.027703
0.162981
0.178079
0.166461
0.135917
0.077724
0.034365
0.000290
0.048927
0.059023
0.025636
0.000180
0.008867
0.142967
0.015913
0.056636
0.019574
0.092589
0.017128
0.015685
0.020070
0.041088
0.024427
0.016132
0.009697
0.042884
0.003948
0.097275
0.010602
0.026500
0.007781
0.022506
0.016116
0.082237
0.124003
0.087339
0.001337
0.014331
0.014902
0.018090
0.034851
0.009470
0.022862
0.028843
0.011227
0.015169
0.071364
0.067697
0.064000
0.022902
0.025076
0.036178
0.037666
0.005649
0.007271
0.095013
0.026592
0.053133
0.030973
0.076303
0.057040
0.024348
0.010121
0.050905
0.010114
0.021562
0.017364
0.042080
0.020123
0.100927
0.066214
0.036845
0.007528
0.007890
0.048117
0.012438
0.023540
0.015768
0.025189
0.140956
0.099836
0.000909
0.024423
0.008509
0.030903
0.022141
0.299761
0.228761
0.251530
0.207014
0.242967
0.127873
0.109160
0.091438
0.058602
0.086979
0.029248
0.043692
0.035672
0.084747
0.009539
0.034666
0.004127
0.103605
0.010055
0.012830
0.063361
0.015972
0.015417
0.044597
0.166400
0.074450
0.008973
0.064265
0.099047
0.001444
0.011815
0.018498
0.162563
0.208450
0.195746
0.055971
0.067299
0.023621
0.046009
0.012474
0.120848
0.032472
0.055238
0.062464
0.033919
0.008030
0.038634
0.020010
0.100638
0.122442
0.074289
0.153915
0.104825
0.191954
0.001250
0.020911
0.088140
0.112505
0.121372
0.027144
0.018404
0.004021
0.058901
0.030562
0.007683
0.181674
0.141648
0.109892
0.042092
0.080864
0.047223
0.030128
0.012139
0.012425
0.023916
0.017891
0.024164
0.044854
0.005505
0.017498
0.089636
0.011113
0.040915
0.015225
0.039450
0.029098
0.123014
0.087496
0.095509
0.078817
0.004830
0.026646
0.052469
0.009990
0.013591
0.080007
0.052023
0.059715
0.040725
0.114644
0.051965
0.063366
0.005048
0.005855
0.080136
0.079837
0.007662
0.025858
0.002648
0.056255
0.044339
0.029868
0.026062
0.024689
0.006264
0.044040
0.008418
0.184995
0.033064
0.006698
0.025371
0.015015
0.184170
0.143525
0.101047
0.058367
0.056999
0.052877
0.093198
0.048367
0.014137
0.005783
0.049608
0.008584
0.000673
0.003393
0.015968
0.002552
0.091040
0.000447
0.142467
0.027679
0.003714
0.046260
0.188674
0.184284
0.077588
0.028535
0.002406
0.042397
0.000375
0.114880
0.020003
0.107216
0.045078
0.001619
0.012736
0.003221
0.021588
0.006194
0.005151
0.061359
0.022336
0.080393
0.040560
0.033196
0.085777
0.058404
0.069923
0.019049
0.006599
0.110618
0.013109
0.023005
0.007365
0.034939
0.076668
0.007539
0.001079
0.035616
0.100047
0.046227
0.090576
0.044578
0.004033
0.070013
0.038068
0.074279
0.082913
0.112470
0.004247
0.028795
0.112141
0.027483
0.033919
0.008108
0.031280
0.025627
0.032062
0.095479
0.095143
0.028852
0.180439
0.121987
0.153409
0.038427
0.021212
0.095947
0.057242
0.095997
0.001335
0.032465
0.012901
0.031967
0.009813
0.085164
0.018100
0.030910
0.001680
0.002483
0.250698
0.242427
0.251437
0.148751
0.040865
0.052894
0.026076
0.092981
0.026227
0.095056
0.087470
0.087376
0.089829
0.070224
0.069638
0.051408
0.011453
0.029647
0.092037
0.001116
0.041131
0.009057
0.147463
0.095366
0.050903
0.004238
0.067221
0.060935
0.046895
0.005022
0.027306
0.054667
0.011289
0.012973
0.040166
0.009572
0.041951
0.005333
0.034284
0.003468
0.137271
0.000581
0.052114
0.011054
0.063952
0.005537
0.141388
0.060465
0.067714
0.007358
0.007793
0.050291
0.035327
0.020143
0.028082
0.045067
0.059596
0.057131
0.064909
0.102198
0.057000
0.014165
0.022211
0.134122
0.022438
0.076871
0.030454
0.055632
0.053307
0.033982
0.053460
0.034810
0.005194
0.003526
0.004840
0.046949
0.033311
0.088388
0.045637
0.006842
0.023911
0.006947
0.022103
0.187047
0.146202
0.003412
0.048009
0.005797
0.005390
0.049442
0.094261
0.028751
0.230442
0.000221
0.006173
0.003009
0.014968
0.100807
0.069035
0.017033
0.011567
0.034391
0.016585
0.005464
0.029678
0.060766
0.029474
0.085462
0.065774
0.041083
0.088937
0.180773
0.099735
0.030187
0.041302
0.017421
0.061079
0.043807
0.013224
0.056135
0.053498
0.102196
0.018556
0.009640
0.022734
0.159091
0.142140
0.008131
0.006210
0.025687
0.071676
0.067528
0.061715
0.061416
0.015566
0.013735
0.001701
0.001986
0.134862
0.040849
0.004050
0.015049
0.098014
0.084626
0.008899
0.050360
0.020864
0.020335
0.136255
0.045740
0.044446
0.064184
0.054162
0.031012
0.006809
0.070842
0.069834
0.041420
0.023398
0.053471
0.017983
0.091933
0.066125
0.024977
0.026916
0.159581
0.000348
0.026513
0.026118
0.003151
0.071836
0.138543
0.072136
0.007877
0.000056
0.059356
0.052164
0.060470
0.039379
0.010043
0.003522
0.019888
0.022078
0.010426
0.124176
0.081850
0.053185
0.084116
0.094628
0.002471
0.034810
0.009477
0.036932
0.015506
0.075028
0.029560
0.057773
0.039749
0.035085
0.037649
0.048212
0.027226
0.007405
0.015505
0.022376
0.072431
0.021045
0.009635
0.160654
0.100009
0.013164
0.003332
0.021093
0.033158
0.032998
0.035045
0.064168
0.081125
0.018518
0.050223
0.000851
0.025329
0.013247
0.085587
0.086296
0.040700
0.143751
0.128299
0.143600
0.084285
0.087556
0.083046
0.012408
0.020194
0.016095
0.005491
0.032919
0.158251
0.026040
0.084543
0.054124
0.005311
0.029199
0.068724
0.058251
0.016707
0.014447
0.046260
0.106566
0.067362
0.056938
0.036764
0.016903
0.001806
0.049880
0.013711
0.006800
0.039984
0.031933
0.310213
0.291793
0.264919
0.277189
0.210500
0.119618
0.001700
0.096064
0.052298
0.136624
0.003288
0.011653
0.056136
0.009712
0.003542
0.020594
0.007308
0.075127
0.029065
0.052214
0.126822
0.015912
0.101243
0.022093
0.180153
0.084685
0.032435
0.169844
0.041765
0.133230
0.136951
0.010673
0.223961
0.215839
0.186812
0.113654
0.112341
0.017304
0.061352
0.032881
0.016955
0.014504
0.127889
0.015661
0.018609
0.029384
0.015075
0.070860
0.032448
0.020385
0.131469
0.085699
0.024663
0.157960
0.019556
0.087891
0.083175
0.044183
0.091071
0.041791
0.035161
0.157104
0.046893
0.053749
0.048034
0.050485
0.047259
0.087231
0.050016
0.022772
0.035145
0.066707
0.022328
0.049221
0.103680
0.046891
0.076327
0.056680
0.015954
0.054334
0.036430
0.007571
0.010309
0.095953
0.006080
0.024438
0.048143
0.116219
0.019434
0.053702
0.057375
0.001298
0.000531
0.089447
0.116153
0.124090
0.096565
0.117875
0.075588
0.038640
0.013349
0.001598
0.004159
0.010900
0.030522
0.000315
0.173980
0.222032
0.052354
0.009797
0.012831
0.070636
0.034868
0.011404
0.060988
0.024944
0.000727
0.040088
0.009857
0.005847
0.002665
0.019152
0.029176
0.077674
0.064699
0.003146
0.066193
0.051977
0.015959
0.011751
0.032047
0.029035
0.024233
0.020788
0.043862
0.029260
0.019798
0.026555
0.027490
0.060473
0.029690
0.034180
0.005143
0.004203
0.009773
0.020749
0.028989
0.043732
0.038626
0.029514
0.224417
0.006676
0.022802
0.049757
0.011568
0.041768
0.038697
0.007328
0.173181
0.147220
0.055696
0.127403
0.116029
0.188568
0.182077
0.034666
0.108545
0.160204
0.155062
0.042025
0.010236
0.257683
0.172813
0.111711
0.020395
0.063119
0.077998
0.016840
0.046695
0.003542
0.147316
0.003593
0.109812
0.061669
0.014596
0.007583
0.041716
0.006879
0.056766
0.123437
0.109118
0.035347
0.136202
0.001061
0.066577
0.010996
0.041177
0.044579
0.033650
0.008319
0.056608
0.038072
0.118633
0.051574
0.038880
0.038189
0.032050
0.014233
0.004448
0.016502
0.126642
0.095852
0.056345
0.006063
0.046004
0.043527
0.028866
0.011955
0.047053
0.068278
0.029760
0.047644
0.041317
0.124482
0.010825
0.000322
0.066329
0.009792
0.030400
0.007117
0.059538
0.200756
0.049395
0.131700
0.031420
0.009261
0.065465
0.031524
0.003376
0.070282
0.018511
0.003274
0.045264
0.005151
0.053536
0.124688
0.044487
0.016344
0.023088
0.002243
0.131724
0.010198
0.069894
0.009299
0.022631
0.032152
0.042143
0.033643
0.072334
0.060399
0.049860
0.059255
0.089327
0.060401
0.124882
0.101015
0.095158
0.099000
0.029630
0.023026
0.010553
0.085805
0.011714
0.102438
0.021296
0.013792
0.019644
0.015967
0.070184
0.035505
0.015168
0.258658
0.187377
0.128172
0.081583
0.023148
0.206625
0.042018
0.040493
0.038201
0.045194
0.052600
0.124590
0.018372
0.023639
0.033948
0.041804
0.165960
0.154189
0.027848
0.000700
0.048067
0.014505
0.037336
0.018319
0.029217
0.024650
0.021737
0.047402
0.034850
0.034563
0.032411
0.023152
0.133412
0.014254
0.005978
0.029318
0.052169
0.111991
0.099699
0.007974
0.005312
0.016294
0.071657
0.003398
0.038957
0.053348
0.003354
0.033256
0.025164
0.047416
0.059956
0.056625
0.075658
0.041579
0.030291
0.018527
0.000802
0.028771
0.032880
0.153595
0.024291
0.064700
0.063385
0.085141
0.040444
0.132317
0.051107
0.048486
0.006045
0.023108
0.010880
0.009357
0.017534
0.010612
0.033195
0.017314
0.074242
0.133581
0.053242
0.088995
0.109607
0.069292
0.030970
0.082644
0.037895
0.121263
0.058101
0.125656
0.019993
0.061320
0.015986
0.011158
0.018357
0.019112
0.160333
0.012703
0.061985
0.013986
0.003591
0.012408
0.002185
0.010595
0.111542
0.050639
0.077487
0.265465
0.106447
0.020079
0.002832
0.021833
0.049341
0.043268
0.088443
0.062883
0.107913
0.098647
0.010757
0.038809
0.018498
0.195426
0.048616
0.121187
0.049637
0.083574
0.020453
0.066367
0.024506
0.062115
0.075866
0.053110
0.055374
0.032103
0.084715
0.074521
0.019132
0.001319
0.003349
0.008388
0.021049
0.055664
0.046299
0.157483
0.114709
0.103643
0.089198
0.100248
0.088078
0.056194
0.000288
0.033764
0.112324
0.060588
0.043489
0.021901
0.127799
0.007220
0.035192
0.086223
0.024108
0.114991
0.060050
0.050374
0.011825
0.039919
0.025883
0.032225
0.012020
0.000322
0.006128
0.050290
0.072913
0.113143
0.031693
0.069963
0.067492
0.005547
0.194628
0.115291
0.113410
0.090250
0.043393
0.017288
0.038029
0.041591
0.006807
0.002435
0.042019
0.001307
0.001974
0.000002
0.052757
0.120824
0.045552
0.024755
0.163323
0.087660
0.021743
0.126100
0.192670
0.003848
0.027900
0.114775
0.036479
0.010388
0.011395
0.038217
0.023261
0.004231
0.010448
0.019768
0.015209
0.004321
0.029625
0.025625
0.154355
0.175152
0.045838
0.077547
0.030352
0.050898
0.047102
0.055751
0.025741
0.022746
0.042371
0.010327
0.059024
0.116624
0.054952
0.167122
0.106811
0.079699
0.003719
0.122919
0.042978
0.007360
0.010573
0.008149
0.064014
0.056351
0.040785
0.015191
0.040258
0.160760
0.076224
0.012527
0.017068
0.013771
0.092171
0.044944
0.129468
0.059636
0.056052
0.067399
0.020866
0.024309
0.013684
0.177613
0.055917
0.051985
0.038196
0.055031
0.034020
0.155592
0.017169
0.007803
0.014467
0.011595
0.197301
0.098986
0.017931
0.047997
0.231712
0.024549
0.026830
0.431377
0.015160
0.042303
0.003707
0.017172
0.005317
0.226897
0.001412
0.015283
0.019987
0.046673
0.056241
0.044633
0.031277
0.032338
0.055785
0.068823
0.053360
0.024770
0.022408
0.014732
0.019128
0.040411
0.031290
0.009006
0.045289
0.038605
0.041849
0.047998
0.045776
0.002266
0.101491
0.100058
0.003130
0.002377
0.065917
0.187910
0.113908
0.085632
0.034973
0.051413
0.019720
0.009568
0.005923
0.005425
0.047280
0.009826
0.160708
0.003262
0.067468
0.014099
0.109478
0.050946
0.041049
0.046930
0.003140
0.011057
0.055994
0.032519
0.032309
0.039607
0.354218
0.342784
0.224990
0.134993
0.210673
0.055156
0.064332
0.039357
0.004288
0.044514
0.079746
0.032436
0.029618
0.093096
0.076869
0.138925
0.115780
0.127461
0.132283
0.103750
0.009297
0.029127
0.034664
0.004404
0.000264
0.015925
0.044478
0.004175
0.009812
0.021398
0.033208
0.075316
0.031632
0.046810
0.124995
0.034042
0.086198
0.033233
0.036547
0.067603
0.052911
0.079136
0.002785
0.011263
0.064120
0.036756
0.048333
0.008460
0.048448
0.027854
0.190866
0.001215
0.020921
0.090224
0.069206
0.004904
0.007656
0.000684
0.077627
0.049795
0.058411
0.008498
0.040153
0.010022
0.006474
0.004932
0.031805
0.028545
0.050397
0.001569
0.018392
0.018076
0.087745
0.018349
0.007750
0.097167
0.006139
0.046354
0.024172
0.028336
0.061812
0.036933
0.068873
0.077190
0.223573
0.096045
0.061485
0.054301
0.008424
0.032595
0.080748
0.038125
0.014861
0.067590
0.007149
0.006865
0.042293
0.014451
0.033055
0.013874
0.031875
0.044709
0.018107
0.034994
0.016831
0.010211
0.003533
0.024905
0.021869
0.315363
0.036830
0.011794
0.009472
0.067266
0.107723
0.052251
0.135598
0.053653
0.123242
0.016946
0.143085
0.003619
0.135497
0.179450
0.151200
0.009138
0.006799
0.033605
0.015284
0.009678
0.057845
0.037687
0.000327
0.016049
0.006044
0.003155
0.003553
0.098733
0.039898
0.039685
0.020713
0.005522
0.000739
0.035430
0.103167
0.097149
0.073237
0.125204
0.067124
0.031266
0.010494
0.004629
0.135734
0.085758
0.009814
0.049823
0.015587
0.132658
0.063371
0.065249
0.079717
0.008198
0.005026
0.011965
0.026909
0.043577
0.068222
0.013172
0.058446
0.002640
0.005537
0.009086
0.002751
0.087370
0.032010
0.025949
0.009557
0.025540
0.089825
0.025945
0.127473
0.109384
0.074331
0.064154
0.101553
0.035058
0.011454
0.058953
0.018701
0.003243
0.037543
0.028907
0.020114
0.001820
0.013300
0.004153
0.023595
0.038805
0.018459
0.015108
0.108668
0.024102
0.087973
0.108996
0.029017
0.009418
0.004923
0.030506
0.139749
0.122398
0.058080
0.026948
0.019041
0.000515
0.002680
0.160259
0.027863
0.004521
0.137819
0.091882
0.047925
0.007076
0.013914
0.015727
0.028374
0.009278
0.006325
0.010450
0.007016
0.056384
0.034337
0.112584
0.099613
0.083486
0.124420
0.035546
0.080529
0.012558
0.006994
0.076691
0.037854
0.006803
0.208425
0.032005
0.081888
0.027021
0.015254
0.073354
0.029536
0.001641
0.071012
0.021310
0.065857
0.002922
0.069663
0.377084
0.361983
0.354567
0.015801
0.005165
0.008141
0.000923
0.070814
0.023878
0.030971
0.021781
0.019048
0.045854
0.031166
0.011276
0.081555
0.029978
0.083970
0.018071
0.034276
0.069387
0.064415
0.006871
0.031641
0.047833
0.001857
0.018288
0.011265
0.050013
0.009536
0.041866
0.000866
0.341980
0.298053
0.144393
0.019017
0.026229
0.084617
0.004901
0.012231
0.030962
0.084898
0.056282
0.006884
0.006320
0.007701
0.026035
0.008166
0.014450
0.008114
0.051075
0.001261
0.010502
0.062460
0.042722
0.026651
0.263032
0.250937
0.172564
0.069427
0.007683
0.005243
0.018944
0.279690
0.106349
0.107467
0.122378
0.270085
0.002748
0.066403
0.052037
0.024128
0.024445
0.060444
0.065201
0.002994
0.078428
0.012867
0.013490
0.023640
0.007095
0.025801
0.012938
0.067358
0.061373
0.055245
0.036603
0.005030
0.116369
0.077052
0.077400
0.006672
0.032103
0.152877
0.138482
0.007895
0.078469
0.028670
0.033854
0.001211
0.063020
0.004351
0.002665
0.041202
0.115606
0.021817
0.012346
0.113207
0.014966
0.005562
0.045307
0.010505
0.074296
0.021139
0.062194
0.080839
0.087085
0.041506
0.024623
0.035206
0.090041
0.062231
0.042274
0.020826
0.083005
0.081020
0.050377
0.027544
0.087853
0.008281
0.031628
0.028892
0.026760
0.038467
0.023611
0.005835
0.014417
0.035834
0.084448
0.016918
0.024285
0.064525
0.108855
0.089202
0.079559
0.036405
0.036354
0.019439
0.080169
0.030062
0.037455
0.044436
0.077575
0.028021
0.032847
0.001423
0.089877
0.088688
0.000545
0.016830
0.048027
0.007055
0.013316
0.012319
0.011536
0.015791
0.073607
0.010295
0.010010
0.026707
0.018733
0.108671
0.046241
0.013739
0.000549
0.116783
0.099417
0.055334
0.133758
0.209028
0.192916
0.190374
0.051841
0.009791
0.014937
0.148720
0.033780
0.017171
0.065582
0.017949
0.013332
0.058532
0.001653
0.215560
0.154127
0.109440
0.052464
0.162878
0.126794
0.102471
0.140558
0.080092
0.020179
0.002155
0.094288
0.089875
0.023193
0.063346
0.007450
0.126991
0.127288
0.115481
0.108219
0.017459
0.061812
0.033161
0.044148
0.000397
0.103738
0.047533
0.010073
0.036336
0.030521
0.006719
0.029362
0.088848
0.220255
0.126827
0.081577
0.076758
0.031566
0.068814
0.015864
0.117097
0.187211
0.181189
0.038720
0.082447
0.029351
0.107413
0.185266
0.051060
0.036171
0.062644
0.042980
0.001582
0.288297
0.200421
0.171243
0.004950
0.030958
0.127108
0.123898
0.082232
0.020147
0.030014
0.064241
0.001708
0.008505
0.028932
0.012959
0.026873
0.028976
0.113651
0.027543
0.031580
0.302924
0.066651
0.052645
0.003042
0.119718
0.069836
0.115410
0.037136
0.013831
0.051393
0.041994
0.015352
0.016759
0.080240
0.069692
0.055943
0.005033
0.082551
0.046030
0.023816
0.000538
0.012609
0.013792
0.029024
0.031990
0.102893
0.196169
0.004543
0.022572
0.009427
0.007598
0.004400
0.005875
0.005028
0.042921
0.036053
0.024785
0.196960
0.022751
0.022985
0.127000
0.079123
0.062252
0.036712
0.095068
0.012797
0.020765
0.038544
0.013835
0.013095
0.011596
0.009210
0.007914
0.022655
0.101457
0.032947
0.158096
0.174523
0.135251
0.179933
0.044363
0.092840
0.067716
0.027863
0.037837
0.020764
0.015181
0.035922
0.063335
0.059714
0.063347
0.001841
0.069737
0.010372
0.021935
0.029407
0.031909
0.088215
0.034998
0.115319
0.092947
0.114461
0.097424
0.089901
0.110849
0.020228
0.006652
