0.000000
0.158016
0.000000
0.046180
0.016820
0.000000
0.000000
0.000000
0.000000
0.000000
0.000000
0.000000
0.000000
0.000000
0.000000
0.000000
0.000000
0.000000
0.000000
0.099498
0.000000
0.000000
0.000000
0.000000
0.011862
0.000000
0.000000
0.000000
0.000000
0.061117
0.000000
0.000000
0.000000
0.030014
0.000000
0.000000
0.010863
0.000000
0.000000
0.000000
0.000000
0.000000
0.000000
0.000000
0.000000
0.000000
0.010665
0.073424
0.000000
0.026396
0.030305
0.000000
0.000000
0.026898
0.000000
0.000000
0.006368
0.000000
0.000000
0.000000
0.000000
0.000000
0.072391
0.004705
0.000000
0.000000
0.000000
0.101380
0.080655
0.226520
0.065241
0.031712
0.014985
0.019787
0.000000
0.000000
0.022965
0.000000
0.000000
0.050168
0.000000
0.000000
0.064688
0.081079
0.016606
0.032114
0.017835
0.038278
0.035610
0.013874
0.000000
0.000000
0.000000
0.000000
0.000000
0.000000
0.000000
0.000000
0.032405
0.000000
0.000000
0.000000
0.000000
0.000000
0.000000
0.000000
0.000000
0.000000
0.022029
0.000000
0.000000
0.027252
0.000000
0.000000
0.000000
0.021341
0.075032
0.000000
0.012323
0.000000
0.000000
0.000000
0.000000
0.000000
0.003467
0.000000
0.000000
0.000000
0.092034
0.020437
0.029124
0.049614
0.000000
0.008127
0.000000
0.000000
0.000000
0.000000
0.039453
0.033940
0.000000
0.000000
0.000000
0.006750
0.016942
0.000000
0.000000
0.021863
0.053458
0.069810
0.000000
0.000000
0.058032
0.000000
0.000000
0.000000
0.000000
0.085177
0.027411
0.000000
0.000000
0.084105
0.000000
0.000000
0.000000
0.000000
0.000000
0.000000
0.000096
0.000000
0.000000
0.000000
0.098436
0.000000
0.000000
0.000000
0.000000
0.000000
0.009555
0.000000
0.000000
0.000000
0.026808
0.000000
0.000000
0.000000
0.280859
0.074444
0.056809
0.005512
0.036246
0.008388
0.016842
0.019712
0.023992
0.000000
0.059611
0.225051
0.054728
0.004813
0.000000
0.000000
0.013699
0.000000
0.065080
0.002056
0.000000
0.000000
0.000000
0.000000
0.000000
0.000000
0.016084
0.000000
0.005670
0.000000
0.000000
0.000000
0.000115
0.000000
0.000000
0.034536
0.135338
0.005850
0.000000
0.000000
0.007850
0.045824
0.000000
0.000000
0.000000
0.000000
0.000000
0.000000
0.000000
0.082914
0.000000
0.008432
0.000000
0.000000
0.000000
0.000000
0.000000
0.000000
0.000000
0.000000
0.000000
0.041589
0.051883
0.078456
0.139974
0.000000
0.000000
0.000000
0.000000
0.016738
0.000000
0.082685
0.080078
0.035930
0.000000
0.000000
0.000000
0.000000
0.000000
0.000000
0.000000
0.015934
0.000000
0.032853
0.000000
0.000000
0.002155
0.009003
0.000000
0.009363
0.039257
0.000000
0.000000
0.014216
0.000000
0.000000
0.000000
0.000000
0.018291
0.000000
0.000000
0.027475
0.027154
0.000000
0.033181
0.000000
0.077502
0.000000
0.111890
0.024316
0.015801
0.008698
0.000000
0.000000
0.000000
0.000000
0.000000
0.000000
0.000000
0.000000
0.000000
0.013739
0.000000
0.000000
0.000000
0.000000
0.000000
0.000000
0.000000
0.000000
0.000000
0.000000
0.000000
0.000000
0.000000
0.000000
0.000000
0.042482
0.000000
0.042899
0.000000
0.000000
0.000000
0.021875
0.000000
0.000000
0.000000
0.023775
0.000000
0.000000
0.000000
0.000000
0.000000
0.000000
0.101852
0.000000
0.020239
0.014955
0.000000
0.000229
0.000000
0.000000
0.000000
0.000000
0.000000
0.003968
0.000000
0.000000
0.001873
0.000000
0.000000
0.000000
0.000000
0.000000
0.000000
0.029406
0.021006
0.000000
0.000000
0.000000
0.000000
0.000000
0.000000
0.000000
0.000000
0.000000
0.000000
0.000000
0.077714
0.000000
0.104371
0.000000
0.000000
0.008952
0.000000
0.000000
0.000000
0.000000
0.000000
0.000000
0.000000
0.000140
0.000000
0.071706
0.024705
0.033104
0.025241
0.001028
0.000000
0.000000
0.000000
0.000000
0.086921
0.000000
0.000000
0.000000
0.000000
0.000000
0.000000
0.000000
0.000000
0.000000
0.000000
0.000000
0.073737
0.000000
0.000000
0.000000
0.000000
0.000000
0.000000
0.000000
0.157114
0.069996
0.119817
0.055930
0.000000
0.000000
0.000000
0.000000
0.033861
0.000000
0.001526
0.000000
0.000000
0.000000
0.000000
0.000000
0.000000
0.000000
0.000000
0.000000
0.000000
0.000000
0.000000
0.000000
0.011396
0.000000
0.000000
0.000000
0.000000
0.058635
0.000000
0.000000
0.000000
0.000000
0.000000
0.000000
0.000000
0.000000
0.000001
0.000000
0.129357
0.000000
0.000000
0.026667
0.000000
0.000000
0.000000
0.000000
0.000000
0.000000
0.000000
0.000000
0.012873
0.000000
0.032432
0.000000
0.000000
0.000000
0.000887
0.000000
0.076183
0.016560
0.052894
0.000000
0.000000
0.000000
0.021359
0.007870
0.068302
0.008635
0.014230
0.003020
0.000000
0.000000
0.000000
0.000000
0.050692
0.000000
0.000000
0.011725
0.000000
0.000000
0.000000
0.034492
0.126412
0.001839
0.136578
0.016722
0.000000
0.000000
0.000000
0.000000
0.000000
0.000000
0.000000
0.000000
0.000000
0.000000
0.000000
0.000000
0.000000
0.000000
0.000000
0.000000
0.000000
0.097259
0.029927
0.000000
0.106179
0.000000
0.000000
0.000000
0.000000
0.000000
0.014356
0.000000
0.000000
0.000000
0.000000
0.010385
0.000000
0.000000
0.000000
0.114450
0.032364
0.000000
0.020802
0.005175
0.037408
0.000000
0.000000
0.358694
0.074457
0.052994
0.150910
0.087186
0.024781
0.000000
0.260451
0.060122
0.014148
0.010096
0.000000
0.049468
0.097796
0.034427
0.014992
0.003908
0.006361
0.002048
0.000000
0.000000
0.018287
0.000000
0.000000
0.000000
0.000000
0.000000
0.000000
0.000000
0.000000
0.000000
0.000000
0.000000
0.000000
0.000000
0.000000
0.000000
0.000000
0.000000
0.000000
0.000000
0.003487
0.000000
0.000000
0.000000
0.017156
0.000000
0.000000
0.000000
0.002018
0.000000
0.000000
0.161199
0.000000
0.252867
0.000000
0.000000
0.000000
0.000000
0.056420
0.000000
0.000000
0.003584
0.000000
0.000000
0.000000
0.000000
0.000000
0.010516
0.030183
0.000000
0.000000
0.000000
0.000000
0.000000
0.000000
0.000000
0.000000
0.062052
0.000000
0.000000
0.000000
0.000000
0.003757
0.000466
0.025888
0.000000
0.026508
0.000000
0.000000
0.031182
0.000000
0.000000
0.000000
0.000000
0.003982
0.000000
0.000000
0.000000
0.000000
0.000000
0.000000
0.000000
0.080472
0.021564
0.000000
0.000000
0.000000
0.000000
0.072284
0.000000
0.000000
0.000000
0.000000
0.000000
0.000000
0.000000
0.000000
0.000000
0.000000
0.000000
0.000000
0.000000
0.000000
0.000000
0.000000
0.000000
0.002630
0.000000
0.110164
0.083400
0.099109
0.102397
0.031359
0.000000
0.039421
0.000000
0.000000
0.000000
0.000000
0.000000
0.000000
0.000000
0.015533
0.000000
0.000000
0.000000
0.000000
0.000000
0.000000
0.000000
0.000000
0.000000
0.098060
0.000000
0.000000
0.021933
0.012359
0.006282
0.066850
0.022443
0.000000
0.000000
0.104661
0.000000
0.041616
0.061330
0.008460
0.000000
0.000000
0.000000
0.000000
0.000000
0.094476
0.013341
0.000000
0.000000
0.000000
0.000000
0.000000
0.000000
0.213598
0.029578
0.000000
0.083069
0.000000
0.000000
0.000000
0.000000
0.039933
0.003328
0.028612
0.001775
0.000000
0.000000
0.000000
0.000000
0.000000
0.012456
0.000000
0.000000
0.000000
0.000000
0.000000
0.035960
0.027136
0.113771
0.047593
0.000000
0.000000
0.000000
0.000000
0.000000
0.000000
0.022633
0.000000
0.000000
0.000000
0.000000
0.027792
0.000000
0.004310
0.000000
0.000000
0.007961
0.000000
0.000000
0.067870
0.000000
0.000000
0.082104
0.000000
0.000000
0.000000
0.000000
0.029098
0.047312
0.000000
0.000000
0.099544
0.136761
0.091600
0.048823
0.009983
0.032284
0.012763
0.003656
0.000000
0.067044
0.102315
0.000000
0.050889
0.048128
0.000000
0.011387
0.042470
0.045925
0.000000
0.000000
0.000000
0.000000
0.000000
0.015944
0.134985
0.000000
0.000000
0.000000
0.000000
0.000000
0.000000
0.000000
0.000000
0.000000
0.000000
0.000000
0.000000
0.033874
0.071126
0.000000
0.000000
0.023913
0.000000
0.000000
0.000000
0.000000
0.088622
0.072155
0.000000
0.000000
0.000000
0.034820
0.195227
0.000000
0.000000
0.000000
0.000000
0.000000
0.096067
0.000000
0.000000
0.000000
0.032138
0.000000
0.015610
0.018235
0.000000
0.000000
0.000000
0.005781
0.000000
0.000000
0.053387
0.000000
0.000000
0.000000
0.049908
0.014575
0.000000
0.065293
0.000000
0.000000
0.000000
0.000000
0.000000
0.000000
0.000000
0.000000
0.000000
0.000000
0.000000
0.000000
0.000000
0.032646
0.000000
0.000000
0.000000
0.000000
0.000000
0.000000
0.043761
0.000000
0.000000
0.000000
0.000000
0.053302
0.000000
0.000000
0.000000
0.000000
0.000000
0.000000
0.000000
0.038160
0.000000
0.135595
0.034110
0.041581
0.000000
0.000000
0.000000
0.000000
0.000000
0.060329
0.000000
0.035511
0.000000
0.000000
0.000000
0.000000
0.027010
0.000000
0.000000
0.000000
0.000000
0.000000
0.249711
0.000000
0.000000
0.000000
0.000000
0.000000
0.000000
0.000000
0.000000
0.000000
0.000000
0.000000
0.000000
0.000000
0.000000
0.000000
0.000000
0.000000
0.000000
0.000000
0.000000
0.000000
0.000000
0.000000
0.000000
0.140975
0.037487
0.000000
0.000000
0.000000
0.000000
0.000000
0.000000
0.000000
0.050481
0.000000
0.000000
0.000000
0.000000
0.000000
0.134877
0.042481
0.002087
0.004906
0.010712
0.000000
0.000000
0.000000
0.000000
0.000000
0.000000
0.000000
0.000000
0.012114
0.000000
0.000000
0.000000
0.000000
0.033474
0.000000
0.000000
0.000000
0.000000
0.000000
0.000000
0.030713
0.000000
0.000000
0.003243
0.000000
0.000000
0.000000
0.000000
0.000000
0.000000
0.041230
0.000000
0.000000
0.000000
0.000000
0.084763
0.014990
0.011546
0.000000
0.000000
0.000000
0.000000
0.028499
0.000000
0.000000
0.000000
0.000000
0.030493
0.000000
0.000000
0.000000
0.000000
0.000000
0.000000
0.000000
0.107121
0.000000
0.000000
0.000000
0.000000
0.007128
0.000000
0.000000
0.000000
0.020565
0.000000
0.000000
0.000000
0.100130
0.000000
0.072590
0.000000
0.000000
0.000000
0.000000
0.000000
0.000000
0.000000
0.000000
0.000000
0.030550
0.002292
0.000000
0.036815
0.000000
0.000000
0.000000
0.000000
0.000000
0.000000
0.000000
0.000000
0.081012
0.000000
0.023880
0.000000
0.098714
0.000000
0.000000
0.000000
0.000000
0.000000
0.134329
0.000000
0.101873
0.020242
0.009362
0.001433
0.050083
0.000000
0.000000
0.031706
0.000000
0.000000
0.000000
0.000000
0.024440
0.000000
0.003620
0.004971
0.000000
0.076665
0.014457
0.029797
0.000000
0.000000
0.000000
0.000000
0.000000
0.000000
0.000000
0.000000
0.000000
0.000000
0.000000
0.000000
0.000000
0.000000
0.000000
0.000000
0.000000
0.000000
0.000000
0.000000
0.000000
0.000000
0.123610
0.000000
0.118576
0.063537
0.008498
0.000000
0.000000
0.000000
0.000000
0.000000
0.000000
0.077338
0.000000
0.000114
0.000000
0.017037
0.073209
0.000000
0.000000
0.000000
0.000000
0.000000
0.000000
0.000000
0.000000
0.000000
0.000000
0.002160
0.031258
0.026257
0.000000
0.000000
0.000000
0.050916
0.000000
0.000000
0.021654
0.000000
0.000000
0.017476
0.000000
0.000000
0.000000
0.000000
0.049443
0.030140
0.000000
0.000000
0.000000
0.138803
0.000000
0.000000
0.000000
0.044498
0.253306
0.053677
0.000000
0.000000
0.000000
0.000000
0.052372
0.042304
0.043728
0.022282
0.000000
0.013016
0.009738
0.000000
0.025667
0.027045
0.111798
0.045645
0.000000
0.136982
0.000000
0.000000
0.000000
0.032730
0.185182
0.000000
0.000000
0.047509
0.000000
0.010575
0.000000
0.000000
0.000000
0.000000
0.000000
0.000000
0.000000
0.026608
0.000000
0.000000
0.000000
0.000000
0.061075
0.177848
0.000000
0.000000
0.000000
0.000000
0.000000
0.049335
0.000000
0.000000
0.000000
0.000000
0.000000
0.000000
0.011645
0.000000
0.025008
0.000000
0.014734
0.090214
0.062821
0.074206
0.011273
0.014480
0.058870
0.000000
0.000000
0.000000
0.000000
0.000000
0.000000
0.000000
0.000000
0.000000
0.000000
0.000000
0.000000
0.004345
0.039450
0.000000
0.013699
0.000000
0.000000
0.000000
0.000000
0.000000
0.000000
0.006723
0.000000
0.000000
0.000000
0.000000
0.000000
0.000000
0.000000
0.000000
0.000000
0.000000
0.000000
0.018521
0.000000
0.000000
0.000000
0.000000
0.009927
0.006098
0.000000
0.000000
0.000000
0.000000
0.000000
0.000000
0.027975
0.000000
0.000000
0.042415
0.063228
0.008666
0.034267
0.000000
0.000000
0.000000
0.000000
0.013692
0.000000
0.000000
0.004292
0.000000
0.000000
0.000000
0.002145
0.000000
0.000000
0.000000
0.000000
0.000000
0.032488
0.022899
0.000000
0.000000
0.000000
0.000000
0.000000
0.000000
0.000000
0.000000
0.000000
0.000000
0.090874
0.006865
0.000000
0.000000
0.000000
0.000000
0.006966
0.008895
0.000000
0.000000
0.000000
0.045374
0.044141
0.008135
0.048831
0.000000
0.064425
0.092649
0.038887
0.000000
0.003125
0.000000
0.000000
0.000000
0.000000
0.036913
0.000000
0.023971
0.000000
0.042085
0.000000
0.024999
0.000000
0.000000
0.052212
0.173533
0.198303
0.000000
0.000000
0.000000
0.040108
0.000000
0.000000
0.000000
0.057453
0.017802
0.000000
0.000000
0.000000
0.000000
0.000000
0.032569
0.000000
0.047532
0.000000
0.015761
0.000000
0.000000
0.000000
0.000000
0.000000
0.000000
0.019195
0.000000
0.000000
0.000000
0.000000
0.000000
0.000000
0.017278
0.000000
0.000000
0.000000
0.000000
0.000000
0.000000
0.000000
0.084294
0.000000
0.018394
0.108759
0.000000
0.000000
0.000000
0.084499
0.030672
0.000000
0.000000
0.000000
0.000000
0.000000
0.000000
0.000000
0.000000
0.000000
0.000000
0.000000
0.021571
0.000000
0.000000
0.025774
0.000000
0.000000
0.018053
0.000000
0.017456
0.000000
0.000000
0.000000
0.000000
0.000000
0.000000
0.000000
0.000000
0.096379
0.002523
0.000000
0.010282
0.000000
0.000000
0.000000
0.000000
0.000000
0.000000
0.000000
0.000000
0.032534
0.000000
0.020788
0.000000
0.000000
0.000000
0.000000
0.000000
0.025619
0.000000
0.102158
0.000000
0.000000
0.000000
0.000000
0.051842
0.000000
0.000000
0.000000
0.000000
0.000000
0.000000
0.000000
0.000000
0.046645
0.000000
0.000000
0.176790
0.035209
0.017489
0.012521
0.000000
0.000000
0.000000
0.000000
0.000000
0.000000
0.012167
0.000000
0.000000
0.000000
0.000000
0.000000
0.000000
0.000000
0.000000
0.049027
0.000000
0.000000
0.029383
0.117965
0.028432
0.000000
0.000000
0.000000
0.000000
0.000000
0.000000
0.000000
0.000000
0.099329
0.000000
0.021071
0.000000
0.017854
0.061696
0.000000
0.000000
0.000000
0.011392
0.000000
0.000000
0.057047
0.012457
0.011083
0.000000
0.000000
0.000000
0.009142
0.000000
0.000000
0.000000
0.000000
0.013464
0.000000
0.000000
0.000000
0.000000
0.000000
0.023218
0.000000
0.000000
0.000000
0.000000
0.000000
0.008565
0.000000
0.000000
0.000000
0.000000
0.000000
0.000000
0.000000
0.124580
0.000000
0.000000
0.000000
0.000000
0.000000
0.000000
0.000000
0.000000
0.000000
0.000000
0.000000
0.000000
0.034685
0.000000
0.000000
0.000000
0.000000
0.000000
0.070621
0.079261
0.164259
0.048315
0.002774
0.000000
0.000175
0.000000
0.000000
0.000000
0.009352
0.000000
0.001404
0.000000
0.000000
0.000000
0.000000
0.000000
0.000000
0.000000
0.002815
0.000000
0.004645
0.000000
0.008838
0.000000
0.000000
0.000000
0.000000
0.000000
0.000000
0.000000
0.000000
0.000000
0.000000
0.000000
0.000000
0.000000
0.070105
0.000000
0.000000
0.000000
0.000000
0.000000
0.000000
0.035961
0.089389
0.000000
0.077381
0.000000
0.064391
0.000000
0.000000
0.000000
0.000000
0.000000
0.000000
0.000000
0.062992
0.038921
0.080098
0.000000
0.000000
0.000000
0.000000
0.070972
0.035461
0.012712
0.000000
0.000000
0.000000
0.009048
0.066033
0.119560
0.096033
0.144684
0.214702
0.026931
0.048582
0.198672
0.017358
0.132331
0.000000
0.000000
0.000000
0.000000
0.000000
0.034374
0.004141
0.000124
0.017801
0.000000
0.153898
0.000000
0.000000
0.061528
0.000000
0.000000
0.000000
0.004017
0.000000
0.000000
0.000000
0.009451
0.156490
0.010385
0.036575
0.000000
0.106218
0.030647
0.087162
0.000000
0.000000
0.000000
0.000000
0.000000
0.000000
0.000000
0.000000
0.000000
0.000000
0.000000
0.000000
0.085442
0.038710
0.000000
0.000000
0.000000
0.000000
0.000000
0.000000
0.000000
0.186896
0.152239
0.000000
0.000000
0.051463
0.000000
0.021784
0.000000
0.000000
0.000000
0.000000
0.000000
0.000000
0.014956
0.043305
0.008111
0.057555
0.070248
0.023448
0.000000
0.000000
0.000000
0.000000
0.000000
0.000000
0.000000
0.000000
0.000000
0.000000
0.000000
0.000000
0.000000
0.000000
0.012271
0.000000
0.000000
0.000000
0.075253
0.000000
0.056429
0.000000
0.000000
0.000000
0.000000
0.000000
0.000000
0.000000
0.064426
0.000000
0.000000
0.000000
0.000000
0.295035
0.043848
0.037575
0.122956
0.065815
0.008767
0.023749
0.000000
0.000000
0.000000
0.083256
0.000000
0.000000
0.000000
0.000000
0.000000
0.000000
0.000000
0.000000
0.000000
0.000000
0.000000
0.000000
0.000000
0.005062
0.000000
0.000000
0.000000
0.000000
0.000000
0.000000
0.010429
0.168079
0.000000
0.000000
0.000000
0.000000
0.010886
0.041128
0.046236
0.000000
0.000000
0.000000
0.022460
0.000000
0.030865
0.010387
0.000000
0.000000
0.000000
0.000000
0.000000
0.000000
0.000000
0.000000
0.000000
0.000000
0.000000
0.042918
0.000000
0.000000
0.000000
0.000000
0.000000
0.000000
0.000000
0.000000
0.206164
0.093566
0.012564
0.063377
0.018631
0.025553
0.045961
0.000000
0.000000
0.000000
0.038815
0.000000
0.000000
0.000000
0.010764
0.000000
0.000000
0.000000
0.007703
0.000000
0.000000
0.000000
0.000000
0.000000
0.000000
0.000000
0.101457
0.001452
0.021910
0.102472
0.001722
0.000000
0.101994
0.158080
0.000000
0.105512
0.000000
0.000000
0.000000
0.000000
0.000000
0.016381
0.008644
0.000000
0.000000
0.000000
0.000000
0.011473
0.024708
0.034069
0.030372
0.016763
0.047305
0.000000
0.000000
0.000000
0.108046
0.000000
0.165880
0.111457
0.000000
0.002628
0.000000
0.000000
0.000000
0.000000
0.030222
0.000000
0.000000
0.000000
0.012485
0.000000
0.000000
0.000000
0.000000
0.025058
0.081229
0.000000
0.000000
0.000000
0.004179
0.000000
0.000000
0.000000
0.000000
0.000000
0.000000
0.072432
0.047477
0.078630
0.013539
0.017187
0.047124
0.002252
0.073731
0.013101
0.000000
0.000000
0.000000
0.000000
0.018403
0.000000
0.013013
0.000000
0.000000
0.000000
0.000000
0.000000
0.009630
0.000000
0.000000
0.032083
0.000000
0.000000
0.000000
0.054162
0.000000
0.000000
0.000000
0.000000
0.014767
0.000000
0.000000
0.000000
0.000000
0.000000
0.000000
0.000000
0.000000
0.000000
0.015145
0.000000
0.000000
0.112264
0.036757
0.003977
0.000000
0.000000
0.071500
0.000000
0.000000
0.000000
0.000000
0.000000
0.000000
0.000000
0.000000
0.000000
0.000000
0.000000
0.036171
0.000000
0.011611
0.032810
0.001114
0.000000
0.000000
0.000000
0.000000
0.000000
0.000000
0.000000
0.000000
0.000000
0.000000
0.000000
0.000000
0.021032
0.000000
0.000000
0.000000
0.121322
0.040885
0.007920
0.000000
0.000000
0.000000
0.000000
0.000000
0.000000
0.000000
0.000000
0.000000
0.000000
0.022481
0.000000
0.007248
0.000000
0.000000
0.000000
0.000000
0.000000
0.045416
0.000000
0.000000
0.000000
0.000000
0.000000
0.000000
0.000000
0.057304
0.000000
0.023437
0.000000
0.000000
0.000000
0.000000
0.000000
0.000000
0.036134
0.018812
0.014408
0.000000
0.087940
0.000000
0.000000
0.006107
0.005864
0.000000
0.075570
0.000000
0.000000
0.000000
0.000000
0.000000
0.043476
0.000000
0.000000
0.000000
0.000000
0.000000
0.028126
0.000000
0.097134
0.000000
0.000000
0.000000
0.000000
0.000000
0.000000
0.019993
0.000000
0.000000
0.000000
0.000000
0.039074
0.000000
0.000000
0.000000
0.000000
0.000000
0.007359
0.000000
0.000000
0.000000
0.000000
0.000000
0.000000
0.000000
0.000000
0.000000
0.000000
0.000000
0.009913
0.000000
0.000000
0.000000
0.000000
0.000000
0.000000
0.000531
0.000000
0.027739
0.000000
0.000000
0.000000
0.000000
0.000000
0.000000
0.000000
0.000000
0.000000
0.000000
0.029273
0.000000
0.000000
0.000000
0.000000
0.000000
0.111061
0.044936
0.038149
0.100568
0.025013
0.041735
0.000000
0.000000
0.000000
0.049503
0.000000
0.000000
0.000000
0.000000
0.000000
0.000000
0.000000
0.000000
0.037131
0.011446
0.035710
0.012492
0.065963
0.000000
0.000000
0.000000
0.000000
0.028114
0.129626
0.056999
0.000000
0.026000
0.000000
0.000000
0.000000
0.000000
0.000000
0.000000
0.000000
0.000000
0.010818
0.000000
0.000000
0.000000
0.000000
0.042490
0.000000
0.000000
0.000000
0.000000
0.000000
0.000000
0.014801
0.000000
0.000000
0.000000
0.000000
0.000000
0.000000
0.000000
0.075722
0.096290
0.000000
0.000000
0.000000
0.000000
0.000000
0.000000
0.000000
0.000000
0.000000
0.000000
0.000000
0.000000
0.089300
0.000000
0.000000
0.000000
0.000000
0.000000
0.000000
0.000000
0.000000
0.000000
0.000000
0.127872
0.000000
0.000000
0.000000
0.000000
0.004081
0.043634
0.077475
0.000000
0.000000
0.000000
0.000000
0.000000
0.000000
0.000000
0.000000
0.051370
0.000000
0.000000
0.000000
0.000000
0.000000
0.000000
0.000000
0.000000
0.000000
0.000000
0.053521
0.113919
0.031847
0.000000
0.014502
0.074197
0.023388
0.000000
0.020127
0.000000
0.000000
0.010634
0.000000
0.010522
0.072985
0.114225
0.032677
0.079297
0.000000
0.000000
0.000000
0.000000
0.000000
0.008392
0.000000
0.000000
0.000000
0.000000
0.001315
0.000000
0.000000
0.031065
0.000000
0.066551
0.003304
0.000000
0.253361
0.005738
0.000000
0.000000
0.000000
0.000000
0.000000
0.000000
0.014066
0.000000
0.000000
0.000000
0.000000
0.000000
0.000000
0.000000
0.000000
0.000000
0.000000
0.010306
0.000000
0.000000
0.000000
0.085608
0.000000
0.009281
0.011082
0.055136
0.012363
0.000000
0.000000
0.019800
0.000000
0.000000
0.000000
0.000000
0.000000
0.000000
0.066851
0.000000
0.000000
0.000000
0.000000
0.000000
0.000000
0.008675
0.000000
0.074836
0.020943
0.000000
0.000000
0.000000
0.000000
0.000000
0.000000
0.043814
0.014591
0.015428
0.018929
0.000000
0.000000
0.000000
0.043317
0.000000
0.000000
0.000000
0.004907
0.025131
0.000000
0.000000
0.150836
0.000000
0.000000
0.000000
0.000000
0.000000
0.000000
0.000000
0.009995
0.029818
0.000000
0.000000
0.000000
0.083338
0.000000
0.000000
0.000000
0.000000
0.000000
0.000000
0.000000
0.000000
0.000000
0.000000
0.000000
0.000000
0.052382
0.025805
0.042878
0.000000
0.074863
0.000000
0.000000
0.000794
0.000000
0.000000
0.000000
0.000000
0.000000
0.013739
0.000000
0.000000
0.000000
0.034779
0.000000
0.010742
0.000000
0.000000
0.096896
0.011414
0.000000
0.000000
0.000000
0.000000
0.031560
0.000000
0.000000
0.008646
0.000000
0.040908
0.023160
0.010880
0.090640
0.015108
0.000000
0.000000
0.085915
0.013824
0.000000
0.000000
0.000000
0.000000
0.220061
0.000000
0.000000
0.000000
0.000000
0.000000
0.000000
0.058982
0.000000
0.183343
0.001770
0.028874
0.019219
0.000000
0.130888
0.099571
0.090912
0.014695
0.000000
0.051106
0.143310
0.000000
0.000000
0.000000
0.000000
0.046849
0.000000
0.000000
0.000000
0.000000
0.000000
0.000000
0.101790
0.012234
0.000000
0.121017
0.009315
0.000000
0.000000
0.000000
0.013782
0.000000
0.079806
0.020449
0.000000
0.000409
0.000000
0.000000
0.010892
0.041411
0.000000
0.000000
0.014902
0.000000
0.000000
0.000000
0.000000
0.000000
0.104364
0.000000
0.000000
0.000000
0.000000
0.012397
0.000000
0.000000
0.000000
0.000000
0.000000
0.000000
0.029232
0.188390
0.104821
0.031795
0.132487
0.020858
0.000000
0.000000
0.000000
0.000000
0.000000
0.000000
0.023918
0.001706
0.000000
0.023495
0.000000
0.000000
0.000000
0.000000
0.000000
0.191873
0.071090
0.068571
0.000000
0.000000
0.000000
0.000000
0.000000
0.000000
0.000000
0.000000
0.000000
0.000000
0.000000
0.000000
0.000000
0.000000
0.000000
0.000000
0.069778
0.027016
0.000000
0.000000
0.000000
0.086322
0.000000
0.000000
0.000000
0.000000
0.000000
0.000000
0.025659
0.027358
0.123684
0.000000
0.172622
0.000000
0.014802
0.000000
0.000000
0.000000
0.000000
0.000000
0.000000
0.200901
0.002496
0.030263
0.016855
0.000000
0.000000
0.000000
0.000000
0.000000
0.000000
0.043989
0.078660
0.033623
0.081416
0.026933
0.015406
0.092494
0.055427
0.028551
0.043453
0.000000
0.000000
0.000000
0.017776
0.093920
0.024735
0.000000
0.000000
0.000000
0.000000
0.000000
0.000000
0.000000
0.000000
0.000000
0.000000
0.000000
0.000000
0.000000
0.000000
0.000000
0.024204
0.003343
0.000000
0.001227
0.000000
0.000000
0.000000
0.000000
0.000000
0.049580
0.022762
0.000000
0.000000
0.000000
0.060235
0.026348
0.008462
0.000000
0.000000
0.000000
0.000000
0.251877
0.000000
0.000000
0.000000
0.000000
0.003845
0.000000
0.000000
0.000000
0.196875
0.009932
0.014813
0.000000
0.000000
0.122920
0.000000
0.000000
0.000000
0.000000
0.000000
0.000000
0.000000
0.000000
0.126595
0.000000
0.000000
0.097705
0.043366
0.000000
0.000000
0.000000
0.000000
0.000145
0.000000
0.000000
0.000000
0.000000
0.000000
0.061797
0.000000
0.000000
0.000000
0.097125
0.000000
0.000000
0.000000
0.008032
0.000000
0.014539
0.049994
0.036864
0.029068
0.150690
0.066889
0.000000
0.041752
0.044629
0.000000
0.000000
0.000000
0.000000
0.000000
0.000000
0.000000
0.000000
0.000000
0.075642
0.000000
0.000000
0.000000
0.000000
0.047215
0.063170
0.000000
0.000000
0.000000
0.000000
0.000000
0.012067
0.017185
0.084461
0.016028
0.000000
0.000000
0.000000
0.000000
0.000000
0.057532
0.000000
0.026397
0.000000
0.000710
0.000000
0.001500
0.000000
0.000000
0.000000
0.000000
0.000000
0.000000
0.000000
0.000000
0.000000
0.000000
0.000000
0.000000
0.000000
0.000000
0.037913
0.000000
0.000000
0.000000
0.000000
0.000000
0.000000
0.000000
0.000000
0.000000
0.020083
0.000000
0.000000
0.000000
0.000000
0.043226
0.000000
0.036444
0.000000
0.000000
0.000000
0.000000
0.000000
0.000000
0.111147
0.000000
0.106683
0.000000
0.000000
0.032624
0.000000
0.000000
0.000000
0.092454
0.000000
0.000000
0.000000
0.010535
0.000000
0.000000
0.048908
0.022806
0.043564
0.010728
0.129121
0.000000
0.000000
0.000000
0.000000
0.000000
0.000000
0.000000
0.000000
0.016563
0.013013
0.090690
0.000000
0.000000
0.000000
0.000000
0.000000
0.000000
0.059339
0.000000
0.000000
0.000000
0.000000
0.000000
0.000000
0.000000
0.000000
0.000000
0.000000
0.000000
0.000000
0.072388
0.006630
0.000000
0.002463
0.000000
0.082103
0.000000
0.000000
0.000000
0.102900
0.001577
0.000000
0.000000
0.000000
0.000000
0.000000
0.016610
0.000000
0.000000
0.000000
0.050189
0.030312
0.000000
0.000000
0.000000
0.000000
0.000000
0.138080
0.043037
0.001607
0.269113
0.058197
0.009187
0.085022
0.025021
0.000000
0.000000
0.000000
0.146389
0.049826
0.015507
0.000000
0.000000
0.000000
0.000000
0.000000
0.000000
0.155495
0.000000
0.000000
0.000000
0.000000
0.000000
0.000000
0.000000
0.000000
0.000000
0.000000
0.000000
0.000000
0.000000
0.017422
0.214360
0.015714
0.067699
0.001193
0.031311
0.000000
0.000000
0.000000
0.000000
0.045191
0.033395
0.000000
0.000000
0.000000
0.000000
0.000000
0.000000
0.000000
0.000000
0.000000
0.014839
0.107718
0.248177
0.000093
0.000000
0.000000
0.000000
0.039579
0.000000
0.000000
0.000000
0.000000
0.027475
0.000000
0.000000
0.000000
0.050335
0.000000
0.177351
0.081376
0.004212
0.014552
0.000000
0.000000
0.000000
0.066720
0.000000
0.000000
0.000000
0.000000
0.007504
0.000000
0.000000
0.010036
0.000000
0.008194
0.012748
0.230205
0.000000
0.000000
0.013073
0.000000
0.003785
0.000000
0.000000
0.000000
0.000000
0.000000
0.000000
0.000000
0.002825
0.000000
0.000000
0.000000
0.107579
0.064851
0.026099
0.115142
0.000000
0.000000
0.000000
0.000000
0.000000
0.000000
0.017620
0.064256
0.000000
0.000000
0.000000
0.000000
0.000000
0.000000
0.000000
0.000000
0.001073
0.000000
0.000000
0.000000
0.000000
0.000000
0.000000
0.000000
0.000000
0.000000
0.000000
0.000000
0.000000
0.000000
0.000000
0.000000
0.000000
0.000000
0.000000
0.000000
0.000000
0.000000
0.000000
0.028490
0.105357
0.000000
0.015152
0.000000
0.000000
0.000000
0.080945
0.049010
0.037927
0.000000
0.000000
0.000000
0.000000
0.000000
0.083852
0.000000
0.000000
0.000000
0.000000
0.015618
0.000000
0.000000
0.000000
0.000000
0.000000
0.000000
0.000000
0.000000
0.068123
0.000000
0.000000
0.000000
0.104063
0.044096
0.000000
0.000000
0.000000
0.047462
0.000000
0.000000
0.014820
0.000000
0.000000
0.000000
0.003674
0.028338
0.158750
0.096707
0.035552
0.021856
0.000000
0.000000
0.000000
0.000000
0.000000
0.058564
0.000000
0.097415
0.039183
0.039076
0.022652
0.018207
0.040198
0.041949
0.028557
0.000000
0.000000
0.000000
0.000000
0.000000
0.000000
0.000000
0.000000
0.000000
0.000000
0.017976
0.082369
0.006780
0.000000
0.000000
0.000000
0.000000
0.000000
0.075910
0.000690
0.000000
0.000000
0.000000
0.000000
0.000000
0.001672
0.000000
0.000000
0.000000
0.000000
0.000000
0.000000
0.136976
0.000000
0.000000
0.000554
0.000000
0.000000
0.000000
0.030713
0.000000
0.000000
0.000000
0.000000
0.000000
0.191940
0.000000
0.000192
0.000000
0.083592
0.005417
0.000000
0.125641
0.069153
0.012712
0.000000
0.046473
0.010707
0.000000
0.000000
0.000000
0.000000
0.000000
0.000000
0.012682
0.000000
0.158987
0.077657
0.005540
0.000000
0.000000
0.000000
0.000000
0.000000
0.000000
0.015747
0.000000
0.031820
0.000000
0.000000
0.000000
0.000000
0.000000
0.000000
0.038391
0.040302
0.034301
0.000000
0.000000
0.007774
0.000000
0.000000
0.000000
0.000000
0.000000
0.072776
0.011032
0.000000
0.000000
0.000000
0.000000
0.000000
0.028380
0.093969
0.010282
0.000000
0.000000
0.000000
0.000000
0.000000
0.000000
0.000000
0.044422
0.000000
0.000000
0.000000
0.000000
0.000000
0.000000
0.000000
0.042757
0.000000
0.000000
0.055258
0.008498
0.000000
0.005422
0.021722
0.000000
0.167013
0.004362
0.000000
0.009230
0.000000
0.000000
0.000000
0.009137
0.050519
0.018728
0.000000
0.000000
0.000000
0.000000
0.000000
0.000000
0.000000
0.000000
0.000000
0.000000
0.000000
0.000000
0.000000
0.000000
0.000000
0.000000
0.000000
0.000000
0.000000
0.000000
0.000000
0.001525
0.010528
0.000000
0.000000
0.000000
0.000000
0.000000
0.051129
0.001713
0.000000
0.000000
0.000000
0.000000
0.000000
0.000000
0.000000
0.095921
0.000000
0.000000
0.175762
0.093448
0.020924
0.000000
0.041526
0.027442
0.000000
0.000000
0.036994
0.000000
0.000000
0.000000
0.008150
0.000000
0.000000
0.016908
0.000000
0.000000
0.000000
0.000000
0.000000
0.000000
0.000000
0.000000
0.000000
0.000000
0.000000
0.003215
0.000000
0.000000
0.000000
0.113940
0.020214
0.000000
0.000000
0.000000
0.000000
0.000000
0.000000
0.000000
0.000000
0.000000
0.071835
0.062417
0.000000
0.004595
0.000000
0.087478
0.000000
0.000000
0.015024
0.000000
0.000000
0.000000
0.000000
0.013146
0.024875
0.000000
0.000000
0.000000
0.000000
0.000000
0.000000
0.000000
0.000000
0.164956
0.000000
0.135995
0.000000
0.000000
0.000436
0.000000
0.081219
0.000000
0.000000
0.001865
0.031406
0.000000
0.000000
0.032198
0.000000
0.041605
0.000000
0.061809
0.000000
0.000000
0.000000
0.091302
0.002216
0.061807
0.100833
0.000000
0.000000
0.000000
0.000000
0.000000
0.068690
0.000000
0.002568
0.000000
0.000000
0.000000
0.000000
0.000000
0.000000
0.033814
0.000000
0.000000
0.000000
0.001396
0.000000
0.063848
0.023375
0.000000
0.000000
0.000000
0.000000
0.000000
0.007503
0.101853
0.165358
0.153937
0.000000
0.000000
0.132106
0.158071
0.000000
0.000000
0.000000
0.000000
0.000000
0.000000
0.000000
0.000000
0.000000
0.000000
0.000000
0.000000
0.024564
0.000000
0.000000
0.000000
0.000000
0.040306
0.011060
0.011784
0.000000
0.000000
0.030242
0.000000
0.000000
0.000000
0.000000
0.000000
0.000000
0.000000
0.000000
0.000000
0.000000
0.000000
0.000659
0.000000
0.000000
0.033407
0.000000
0.000000
0.000000
0.138009
0.053495
0.035799
0.008425
0.019939
0.043083
0.000000
0.000000
0.030806
0.014132
0.020596
0.000000
0.085917
0.000000
0.000000
0.000000
0.000000
0.000000
0.000000
0.000000
0.000000
0.033672
0.000000
0.000000
0.000000
0.000000
0.000000
0.000000
0.000000
0.000000
0.079481
0.000000
0.047585
0.000000
0.042762
0.000000
0.048298
0.000000
0.000000
0.000000
0.000000
0.000000
0.000000
0.000000
0.069968
0.000000
0.000000
0.000000
0.000000
0.000000
0.000000
0.000000
0.000000
0.000000
0.000000
0.000000
0.000000
0.094857
0.023546
0.000000
0.000000
0.000000
0.000000
0.019372
0.079970
0.113649
0.011166
0.006842
0.169181
0.000000
0.000000
0.000000
0.000000
0.023050
0.056318
0.000000
0.000000
0.000000
0.000000
0.000000
0.000000
0.049290
0.106823
0.000000
0.000000
0.000000
0.000000
0.000000
0.000000
0.000000
0.082036
0.000000
0.000000
0.000000
0.000000
0.174484
0.021708
0.024531
0.008527
0.029982
0.000000
0.000000
0.046384
0.013817
0.000000
0.000000
0.009641
0.000000
0.000000
0.000000
0.004862
0.000000
0.000000
0.000000
0.029808
0.000000
0.000000
0.000000
0.000000
0.000000
0.000000
0.000000
0.064250
0.040258
0.000000
0.101876
0.148000
0.099114
0.000000
0.004104
0.000000
0.000000
0.000000
0.000000
0.060354
0.013314
0.000000
0.000000
0.000000
0.023373
0.148525
0.000000
0.000000
0.000000
0.016265
0.000000
0.000000
0.000000
0.000000
0.000000
0.000000
0.000000
0.000000
0.000000
0.073849
0.000000
0.162739
0.000000
0.080451
0.048454
0.000000
0.041047
0.000000
0.083971
0.005328
0.000000
0.000000
0.013154
0.010924
0.000000
0.000000
0.217355
0.052353
0.000000
0.000000
0.000000
0.000000
0.000000
0.000000
0.000000
0.001569
0.000000
0.116022
0.000000
0.065457
0.000000
0.000000
0.000000
0.045325
0.000000
0.000000
0.000000
0.000000
0.000000
0.011790
0.175560
0.133188
0.000000
0.065649
0.065499
0.081028
0.000000
0.000000
0.000000
0.000000
0.000000
0.000000
0.000000
0.134552
0.074846
0.015557
0.048209
0.018243
0.015452
0.000000
0.055475
0.000000
0.000000
0.000000
0.000000
0.000000
0.000000
0.000000
0.000000
0.000000
0.000000
0.000000
0.000000
0.000000
0.000000
0.000000
0.064811
0.000000
0.099881
0.004313
0.063083
0.040717
0.000000
0.000000
0.188258
