0.036856
0.005425
0.128437
0.047700
0.023780
0.066919
0.001009
0.032727
0.060550
0.110234
0.000979
0.005767
0.032606
0.112181
0.002673
0.015528
0.007153
0.025307
0.011651
0.037305
0.035061
0.017271
0.012181
0.055228
0.003408
0.023706
0.055801
0.050580
0.019323
0.102503
0.102392
0.007384
0.096768
0.114211
0.058277
0.002363
0.004317
0.004217
0.067515
0.063135
0.048633
0.022062
0.027619
0.020454
0.010823
0.007899
0.006680
0.028565
0.033250
0.298207
0.144319
0.160881
0.072532
0.128036
0.076320
0.010675
0.005792
0.130200
0.042394
0.038264
0.028543
0.063229
0.028573
0.008305
0.000026
0.049151
0.069350
0.101500
0.041865
0.144472
0.036989
0.017966
0.006810
0.180946
0.049459
0.072104
0.029329
0.034559
0.000006
0.035630
0.001319
0.069953
0.000461
0.016184
0.042963
0.023135
0.186141
0.137704
0.063606
0.056217
0.042539
0.026005
0.000580
0.085057
0.080814
0.015189
0.000834
0.109635
0.124310
0.104597
0.113512
0.007190
0.076349
0.033811
0.116907
0.305979
0.279193
0.296330
0.012026
0.122963
0.041391
0.007976
0.085119
0.043309
0.006216
0.033317
0.100633
0.097832
0.127640
0.023089
0.004576
0.010920
0.024715
0.042699
0.013435
0.029470
0.004823
0.034580
0.066288
0.122310
0.102264
0.000177
0.010249
0.004178
0.083808
0.008479
0.048339
0.033621
0.018482
0.001250
0.022861
0.194371
0.042713
0.049832
0.047818
0.000821
0.040635
0.010626
0.007639
0.006785
0.033306
0.074754
0.065485
0.057838
0.051832
0.005765
0.034879
0.034708
0.032996
0.025053
0.000844
0.040298
0.009283
0.001865
0.059325
0.091240
0.046530
0.007060
0.073372
0.068063
0.054674
0.005501
0.051167
0.118185
0.023135
0.042716
0.095729
0.012987
0.086474
0.104786
0.103436
0.048429
0.085895
0.046161
0.013167
0.166661
0.002375
0.038211
0.108591
0.035405
0.014431
0.096497
0.034315
0.016830
0.014101
0.004293
0.011267
0.004735
0.064785
0.049026
0.067715
0.033045
0.019616
0.045146
0.052070
0.037825
0.022377
0.024593
0.004383
0.000344
0.016833
0.015521
0.021378
0.011566
0.005714
0.077862
0.072143
0.072124
0.000002
0.058486
0.007362
0.047793
0.030899
0.012817
0.011665
0.011996
0.026144
0.037042
0.032221
0.013977
0.042032
0.007868
0.070641
0.048124
0.041517
0.019657
0.103400
0.070965
0.045081
0.021706
0.086448
0.072548
0.010608
0.014790
0.084623
0.047566
0.011351
0.114541
0.049186
0.017885
0.063506
0.029656
0.009901
0.045715
0.191793
0.032476
0.003118
0.003275
0.090510
0.029673
0.008604
0.126460
0.087553
0.052110
0.183793
0.030770
0.038291
0.069246
0.057359
0.021379
0.145260
0.038864
0.066348
0.039393
0.053742
0.002315
0.021053
0.053168
0.090202
0.027205
0.011203
0.006726
0.002615
0.040878
0.084113
0.097555
0.085983
0.011426
0.090968
0.010452
0.044695
0.094192
0.046765
0.089375
0.044992
0.219976
0.218450
0.115227
0.272239
0.228893
0.220802
0.020715
0.013427
0.022336
0.002154
0.000527
0.057512
0.000318
0.109067
0.062455
0.046990
0.015451
0.005903
0.016127
0.052769
0.028141
0.062750
0.025909
0.003178
0.049124
0.011126
0.041795
0.046253
0.036946
0.060662
0.015923
0.008772
0.032333
0.089912
0.067564
0.052715
0.048725
0.102659
0.004754
0.122513
0.034467
0.092112
0.006153
0.007289
0.005221
0.053986
0.124306
0.022240
0.074640
0.047376
0.059618
0.055169
0.067558
0.042598
0.128140
0.103919
0.044144
0.013353
0.080371
0.066409
0.112010
0.012841
0.019056
0.099384
0.019708
0.001948
0.010776
0.032203
0.005502
0.021661
0.009416
0.100381
0.092959
0.005520
0.076515
0.018306
0.089240
0.049244
0.031908
0.023506
0.062171
0.112216
0.043870
0.064137
0.045476
0.060930
0.052933
0.026018
0.040641
0.058104
0.006132
0.035467
0.000473
0.033105
0.085899
0.084232
0.000360
0.154530
0.054327
0.024305
0.001996
0.047479
0.041238
0.095573
0.002979
0.056632
0.039523
0.009790
0.008105
0.017653
0.028814
0.150706
0.072058
0.066634
0.015135
0.023111
0.014277
0.046565
0.009194
0.001553
0.049754
0.035316
0.022827
0.051118
0.001032
0.034112
0.004273
0.002082
0.035423
0.056734
0.034901
0.119477
0.131610
0.025004
0.000423
0.035545
0.188702
0.016640
0.117759
0.107280
0.089231
0.166805
0.084927
0.090509
0.013983
0.137742
0.027464
0.005736
0.093744
0.005504
0.000292
0.005085
0.037524
0.017610
0.001546
0.035762
0.003000
0.054846
0.008830
0.015653
0.152898
0.118042
0.134758
0.029552
0.002753
0.018204
0.021448
0.021264
0.139949
0.036387
0.052469
0.014123
0.049423
0.040193
0.054496
0.000551
0.004821
0.030158
0.110465
0.015398
0.043178
0.004417
0.017991
0.002684
0.045044
0.004842
0.011769
0.027903
0.056740
0.012550
0.012759
0.021815
0.004957
0.024238
0.030388
0.016088
0.040138
0.090192
0.002291
0.069464
0.005342
0.095275
0.034466
0.035888
0.018757
0.015561
0.077878
0.034297
0.004809
0.001442
0.066444
0.002775
0.061350
0.070357
0.009286
0.002995
0.079928
0.080983
0.049971
0.042563
0.069627
0.069453
0.021045
0.019686
0.011604
0.019396
0.062099
0.039518
0.104857
0.083520
0.002416
0.202329
0.014109
0.050054
0.039788
0.066792
0.142046
0.114358
0.002005
0.036744
0.073222
0.015287
0.053057
0.041508
0.034525
0.123768
0.064800
0.054438
0.066338
0.011802
0.052423
0.000244
0.010138
0.002951
0.058914
0.050706
0.045062
0.088041
0.001206
0.032459
0.005743
0.003923
0.032323
0.009769
0.075698
0.009485
0.032235
0.005760
0.023597
0.016283
0.016551
0.000542
0.045772
0.031466
0.171556
0.160850
0.047438
0.038857
0.091449
0.054839
0.048918
0.186746
0.065860
0.053290
0.073979
0.058049
0.028365
0.005691
0.043262
0.029453
0.087200
0.016371
0.149773
0.007253
0.015073
0.021261
0.066563
0.017678
0.008965
0.018165
0.021566
0.022355
0.000502
0.084446
0.080917
0.032037
0.018918
0.055253
0.015319
0.016552
0.018982
0.022234
0.018608
0.050234
0.000312
0.020230
0.141207
0.116186
0.138661
0.065067
0.036081
0.038149
0.042900
0.022325
0.058527
0.000103
0.034423
0.027489
0.073651
0.032148
0.041537
0.007188
0.064534
0.036612
0.009877
0.069883
0.028868
0.097002
0.010549
0.028508
0.112909
0.105767
0.062053
0.005852
0.015357
0.044894
0.006415
0.063495
0.066684
0.146581
0.144823
0.026806
0.016070
0.038703
0.022436
0.061302
0.025940
0.003611
0.074621
0.001210
0.009131
0.077162
0.012142
0.012217
0.022335
0.011823
0.001067
0.013162
0.011075
0.005777
0.000432
0.012280
0.035342
0.023275
0.128799
0.084603
0.043360
0.015541
0.008342
0.033318
0.089391
0.051837
0.023764
0.030919
0.026473
0.022403
0.107785
0.004431
0.040068
0.018955
0.018174
0.132287
0.068240
0.146319
0.076582
0.002479
0.067690
0.000764
0.026838
0.021973
0.025161
0.023399
0.032050
0.017226
0.033620
0.018938
0.032629
0.002481
0.188079
0.027652
0.070941
0.066714
0.058920
0.050895
0.023394
0.076452
0.034079
0.022980
0.004394
0.010449
0.023448
0.039786
0.128387
0.045950
0.017610
0.023218
0.040709
0.335406
0.144305
0.238411
0.203214
0.152840
0.120576
0.154031
0.120987
0.110926
0.289576
0.312608
0.110688
0.137211
0.080427
0.033830
0.069626
0.061999
0.067825
0.046789
0.012551
0.055929
0.018796
0.086803
0.006281
0.017426
0.060713
0.042205
0.004865
0.027735
0.063668
0.024530
0.030087
0.024030
0.082906
0.001977
0.146958
0.024127
0.038133
0.099981
0.109028
0.052583
0.064493
0.017422
0.091591
0.023933
0.036737
0.014135
0.005331
0.050200
0.001354
0.030625
0.035418
0.128311
0.177291
0.174056
0.011795
0.033761
0.238659
0.100654
0.179249
0.143355
0.053461
0.140659
0.053925
0.005914
0.044762
0.020691
0.145838
0.024325
0.095785
0.009799
0.030976
0.000952
0.157252
0.055955
0.009863
0.017466
0.012966
0.032006
0.075894
0.028108
0.040231
0.029551
0.060648
0.011157
0.104314
0.045412
0.094173
0.014429
0.218571
0.019435
0.063679
0.029983
0.010801
0.009344
0.111074
0.006905
0.018627
0.022597
0.024107
0.001151
0.059166
0.158019
0.120467
0.110684
0.091996
0.035642
0.033468
0.022920
0.004742
0.088709
0.025461
0.026071
0.006298
0.002735
0.014660
0.008095
0.218119
0.051067
0.020951
0.035795
0.024647
0.066179
0.037959
0.046381
0.030022
0.009970
0.083705
0.034339
0.043188
0.019726
0.069352
0.041865
0.052641
0.081016
0.153498
0.034858
0.020252
0.035951
0.034306
0.028278
0.006590
0.095956
0.000414
0.023110
0.007915
0.039652
0.171370
0.104920
0.075021
0.043807
0.051660
0.109517
0.037913
0.000642
0.024920
0.014955
0.000597
0.070273
0.027382
0.066851
0.049588
0.037707
0.009137
0.071148
0.046930
0.032157
0.024564
0.003074
0.099901
0.057350
0.093585
0.100316
0.031920
0.150394
0.018231
0.000199
0.057720
0.005999
0.015980
0.216584
0.162816
0.103068
0.005530
0.074299
0.047265
0.045593
0.006393
0.044547
0.025328
0.045265
0.037116
0.009511
0.019528
0.023984
0.023594
0.087979
0.043585
0.002022
0.000095
0.053179
0.121287
0.042957
0.014687
0.020694
0.067898
0.026093
0.021429
0.001201
0.050664
0.052113
0.012931
0.038961
0.010935
0.018371
0.004004
0.059274
0.032104
0.044971
0.017473
0.028180
0.019631
0.061293
0.099337
0.085382
0.052101
0.035744
0.068487
0.105295
0.052495
0.028846
0.047871
0.069583
0.164800
0.088986
0.027921
0.027706
0.060454
0.023932
0.172837
0.024509
0.011007
0.002508
0.035787
0.043672
0.112412
0.006624
0.059323
0.002646
0.002931
0.105090
0.068755
0.125323
0.163161
0.035801
0.012958
0.002248
0.011723
0.097724
0.057905
0.021638
0.123528
0.033281
0.056519
0.058263
0.001789
0.000880
0.077644
0.042578
0.021098
0.118304
0.118236
0.104925
0.012107
0.025051
0.028025
0.018814
0.018119
0.042833
0.063066
0.033414
0.016324
0.043106
0.041052
0.027141
0.061641
0.013417
0.004572
0.004941
0.014127
0.049702
0.046002
0.051970
0.012439
0.011883
0.024172
0.056832
0.025452
0.035289
0.029462
0.005583
0.051176
0.111798
0.088240
0.036469
0.074158
0.191596
0.121669
0.081343
0.080750
0.077904
0.043165
0.002863
0.001716
0.002850
0.309811
0.033585
0.153184
0.127916
0.019588
0.004674
0.048152
0.027649
0.064274
0.111739
0.073449
0.009007
0.002536
0.083845
0.007850
0.016572
0.078825
0.040805
0.010262
0.006701
0.004307
0.022818
0.002102
0.028655
0.036325
0.009461
0.024451
0.073292
0.007178
0.106164
0.004091
0.039712
0.025399
0.040604
0.005448
0.047696
0.071268
0.009973
0.018608
0.051654
0.003507
0.047032
0.037714
0.080936
0.023774
0.002768
0.124692
0.000995
0.098878
0.242428
0.204279
0.128581
0.077099
0.021990
0.001334
0.008796
0.008500
0.004226
0.058071
0.024905
0.009395
0.034358
0.029006
0.009200
0.002402
0.073220
0.045581
0.011954
0.020899
0.064463
0.133811
0.056013
0.050717
0.071331
0.086600
0.005239
0.010493
0.006088
0.067115
0.004769
0.011491
0.061534
0.037178
0.090954
0.018241
0.017384
0.000546
0.027424
0.012021
0.083441
0.152488
0.132652
0.147927
0.181842
0.034528
0.116484
0.023716
0.000656
0.103020
0.082089
0.096811
0.003673
0.064220
0.060480
0.060442
0.112023
0.016774
0.014264
0.002743
0.004526
0.001984
0.030302
0.023652
0.009369
0.050145
0.030937
0.101631
0.099223
0.021864
0.022497
0.213939
0.053332
0.003082
0.030448
0.011066
0.004523
0.065859
0.047622
0.005059
0.002543
0.028235
0.007685
0.177984
0.008025
0.014321
0.018465
0.000161
0.013738
0.026602
0.018799
0.009133
0.009993
0.043907
0.104490
0.304356
0.262806
0.173643
0.065352
0.019916
0.003995
0.072090
0.012277
0.007004
0.075926
0.035602
0.001394
0.043467
0.017557
0.014892
0.002039
0.032596
0.030074
0.074458
0.032347
0.007787
0.059213
0.042494
0.070426
0.170977
0.210609
0.013009
0.013428
0.021638
0.221540
0.184034
0.239262
0.042612
0.065047
0.011294
0.054469
0.008827
0.339005
0.016165
0.013057
0.039876
0.012996
0.027876
0.035078
0.009850
0.038296
0.029413
0.078568
0.020873
0.124770
0.028434
0.021122
0.008943
0.106695
0.009845
0.064066
0.219305
0.047706
0.028667
0.020492
0.045848
0.093618
0.046208
0.000134
0.044317
0.034952
0.003859
0.068467
0.049963
0.018303
0.045362
0.085535
0.004067
0.124219
0.028504
0.007487
0.069599
0.014843
0.075330
0.022186
0.007838
0.051840
0.041802
0.044670
0.044487
0.071125
0.077151
0.000028
0.007598
0.190368
0.070735
0.033335
0.020963
0.174418
0.066305
0.057268
0.032787
0.024337
0.043491
0.033504
0.209520
0.064682
0.033729
0.026571
0.002972
0.050550
0.036266
0.003098
0.057350
0.040342
0.009965
0.005302
0.189360
0.183452
0.136861
0.005504
0.001459
0.013355
0.007979
0.074673
0.065756
0.038027
0.212648
0.055851
0.044732
0.025613
0.027900
0.010222
0.028133
0.018732
0.005606
0.055163
0.002810
0.018846
0.024901
0.010632
0.050165
0.043043
0.049269
0.030382
0.197042
0.067596
0.109263
0.101867
0.039916
0.033827
0.266589
0.243782
0.232000
0.182030
0.029467
0.094429
0.114133
0.194607
0.008877
0.130775
0.094901
0.073280
0.060741
0.015830
0.030840
0.019254
0.074519
0.055887
0.053702
0.027220
0.005219
0.040820
0.030430
0.062506
0.009811
0.052091
0.016403
0.095985
0.046189
0.138842
0.104617
0.000031
0.003615
0.059364
0.024455
0.003435
0.124387
0.117138
0.009407
0.112007
0.072066
0.100150
0.009826
0.010732
0.058686
0.046836
0.012451
0.054879
0.000708
0.004580
0.025419
0.046251
0.001731
0.074112
0.017747
0.037059
0.011341
0.144257
0.091172
0.090683
0.053370
0.007094
0.109787
0.007653
0.095851
0.091790
0.022823
0.050291
0.035386
0.020404
0.029473
0.053443
0.031459
0.150357
0.121344
0.009051
0.125647
0.023577
0.210067
0.066734
0.046089
0.001245
0.034927
0.079199
0.014042
0.018955
0.058469
0.017619
0.043017
0.077785
0.038926
0.007825
0.000050
0.060556
0.028170
0.116911
0.044208
0.024725
0.003002
0.091172
0.035339
0.034048
0.025726
0.172929
0.102456
0.028142
0.098940
0.017611
0.001285
0.032726
0.052998
0.049794
0.061695
0.017685
0.086686
0.007298
0.025913
0.011437
0.044186
0.057027
0.080795
0.057686
0.112987
0.011970
0.012218
0.024279
0.014626
0.056825
0.099327
0.038040
0.049340
0.009578
0.025615
0.014261
0.095379
0.135772
0.121128
0.003276
0.009846
0.034828
0.025673
0.112258
0.069386
0.030378
0.000721
0.119019
0.091047
0.003039
0.083213
0.075468
0.060813
0.029162
0.000092
0.000443
0.001856
0.007498
0.035420
0.078549
0.010216
0.193950
0.011967
0.031105
0.099538
0.001867
0.017828
0.059147
0.031035
0.037963
0.001524
0.024896
0.004338
0.173169
0.100951
0.054999
0.027662
0.039418
0.022600
0.075832
0.053740
0.055319
0.055352
0.031791
0.021218
0.091725
0.132667
0.000742
0.064034
0.059199
0.021474
0.030016
0.008100
0.010539
0.079054
0.002829
0.010035
0.045313
0.140034
0.129638
0.107740
0.048053
0.009392
0.005671
0.051940
0.035110
0.053188
0.064404
0.012984
0.010656
0.004553
0.079172
0.061313
0.037613
0.056873
0.015035
0.029337
0.019717
0.161604
0.088661
0.020516
0.039639
0.014753
0.046605
0.024049
0.042428
0.013228
0.035451
0.048717
0.002409
0.056841
0.052728
0.079842
0.126215
0.020938
0.074339
0.045827
0.022057
0.029000
0.100175
0.013062
0.044969
0.033663
0.045957
0.045528
0.074114
0.062180
0.012386
0.006355
0.003742
0.017737
0.030641
0.109658
0.019005
0.014109
0.047402
0.031015
0.004462
0.025961
0.004312
0.095061
0.029016
0.035167
0.077921
0.010633
0.002229
0.038556
0.089384
0.008618
0.030448
0.018668
0.072352
0.076660
0.086396
0.104649
0.045592
0.015300
0.095206
0.066170
0.067977
0.096675
0.029276
0.162049
0.074934
0.000582
0.004186
0.023710
0.039144
0.097924
0.050570
0.103512
0.090630
0.008482
0.025982
0.001384
0.036324
0.095735
0.074298
0.102780
0.106020
0.023507
0.098405
0.076775
0.180211
0.072154
0.046496
0.078619
0.005399
0.077275
0.067548
0.016793
0.005249
0.008429
0.001169
0.082315
0.038644
0.167312
0.143959
0.103520
0.060126
0.033678
0.032440
0.030160
0.027385
0.030245
0.131325
0.032814
0.038641
0.030852
0.111245
0.011109
0.015267
0.077013
0.021228
0.000231
0.122740
0.029282
0.022952
0.046499
0.018633
0.258214
0.025446
0.097136
0.084139
0.107478
0.024372
0.001915
0.023209
0.049960
0.044243
0.020763
0.000026
0.142960
0.071107
0.121362
0.057626
0.016714
0.039638
0.064944
0.028659
0.003801
0.035946
0.027024
0.013599
0.031245
0.034853
0.066280
0.109696
0.106342
0.022772
0.035864
0.002969
0.067088
0.121959
0.088331
0.025293
0.005048
0.067241
0.042457
0.075385
0.036856
0.006494
0.001899
0.006809
0.001899
0.027711
0.059512
0.021214
0.083542
0.041181
0.080436
0.089968
0.068142
0.031436
0.005478
0.027416
0.045625
0.078553
0.011190
0.003672
0.006633
0.005726
0.037871
0.011970
0.034390
0.003511
0.133629
0.045188
0.157856
0.102606
0.051989
0.007423
0.072967
0.022629
0.016121
0.023703
0.076775
0.018565
0.080250
0.038354
0.087781
0.031803
0.112529
0.097894
0.093359
0.161983
0.109325
0.055842
0.015618
0.040537
0.125254
0.035745
0.003400
0.024542
0.000389
0.013752
0.023337
0.003823
0.004444
0.094135
0.019394
0.015984
0.114332
0.060602
0.006901
0.030061
0.040022
0.020673
0.032016
0.028259
0.111072
0.006858
0.068336
0.019053
0.010889
0.019455
0.009484
0.007289
0.014985
0.020245
0.054989
0.000286
0.001562
0.007148
0.036950
0.137080
0.121266
0.002538
0.004883
0.005983
0.091411
0.001048
0.042286
0.013576
0.017124
0.007211
0.226577
0.208392
0.054001
0.039299
0.043392
0.088434
0.050466
0.003485
0.046509
0.001377
0.062461
0.027854
0.078495
0.028506
0.032683
0.172598
0.078591
0.013182
0.176379
0.114467
0.028074
0.035772
0.090772
0.027600
0.023212
0.014405
0.012176
0.023862
0.075001
0.039656
0.017376
0.089558
0.022107
0.051771
0.020235
0.006201
0.085288
0.098493
0.083660
0.012391
0.003824
0.003114
0.060139
0.053137
0.031205
0.110691
0.060914
0.002111
0.003185
0.011000
0.049648
0.423771
0.020255
0.000019
0.000227
0.001202
0.005366
0.025271
0.031240
0.012233
0.006423
0.073485
0.038296
0.016458
0.100878
0.090351
0.015331
0.033035
0.037166
0.079291
0.063202
0.027208
0.028938
0.016888
0.072440
0.008646
0.009965
0.205716
0.152279
0.049342
0.019664
0.067691
0.037122
0.013896
0.004978
0.021682
0.014932
0.024091
0.176111
0.093262
0.040642
0.001334
0.026165
0.016972
0.015431
0.059290
0.052194
0.026545
0.032499
0.010026
0.053992
0.028878
0.009471
0.022457
0.048105
0.035715
0.007841
0.083387
0.041235
0.003514
0.021733
0.035082
0.095782
0.085264
0.069190
0.101797
0.014490
0.024607
0.003515
0.119911
0.022330
0.005629
0.058513
0.045597
0.003532
0.034239
0.022386
0.060742
0.177502
0.055238
0.064974
0.052183
0.083814
0.078859
0.029373
0.037179
0.008078
0.009544
0.060197
0.050532
0.036300
0.032875
0.038621
0.010799
0.091871
0.017577
0.011875
0.045932
0.060688
0.082804
0.037580
0.109592
0.042696
0.029979
0.038547
0.009069
0.008630
0.030638
0.019442
0.082942
0.159017
0.031164
0.008542
0.073035
0.047143
0.025643
0.074250
0.022311
0.012309
0.149663
0.080481
0.141747
0.057476
0.000153
0.018300
0.083434
0.059794
0.022275
0.008864
0.004435
0.180986
0.010313
0.007677
0.032602
0.051003
0.037261
0.025323
0.053342
0.039828
0.014458
0.016097
0.024847
0.102910
0.019638
0.025999
0.002478
0.051202
0.026385
0.019234
0.031237
0.010168
0.008096
0.115435
0.002997
0.013960
0.139042
0.028599
0.009402
0.005728
0.005637
0.054760
0.032645
0.011904
0.173262
0.172805
0.113117
0.007648
0.026507
0.010686
0.030002
0.006817
0.090856
0.031164
0.153297
0.051696
0.047857
0.086752
0.020618
0.047730
0.052343
0.013404
0.034760
0.025261
0.000896
0.024886
0.010708
0.049426
0.001637
0.039086
0.031300
0.166609
0.121712
0.156457
0.055454
0.010739
0.032640
0.007363
0.035352
0.082775
0.017259
0.031784
0.010868
0.139318
0.129676
0.214065
0.269957
0.120499
0.001092
0.100332
0.091665
0.399208
0.225006
0.169377
0.013949
0.032469
0.056159
0.034508
0.027767
0.082610
0.027549
0.084463
0.070528
0.011025
0.024174
0.036616
0.054676
0.019055
0.124238
0.101952
0.116380
0.151398
0.193929
0.097543
0.024601
0.081349
0.055827
0.063738
0.112832
0.109141
0.054951
0.047136
0.015647
0.006299
0.017249
0.057808
0.033278
0.068974
0.006144
0.159892
0.062636
0.052962
0.041146
0.003519
0.215258
0.018363
0.168675
0.124279
0.022111
0.046711
0.021825
0.053685
0.024311
0.055863
0.007610
0.078432
0.036172
0.069608
0.010783
0.025609
0.010393
0.021232
0.014284
0.021205
0.015025
0.059593
0.092296
0.076998
0.007227
0.066768
0.011816
0.049771
0.029622
0.107854
0.160498
0.191959
0.177707
0.009924
0.020592
0.025983
0.025000
0.017163
0.005050
0.000644
0.027882
0.029851
0.094942
0.002862
0.057196
0.044334
0.025122
0.004053
0.121914
0.074670
0.028826
0.052540
0.159412
0.114845
0.073003
0.035852
0.008766
0.022207
0.060943
0.053174
0.395443
0.228012
0.329435
0.270951
0.289987
0.046357
0.011962
0.011663
0.091797
0.003235
0.056717
0.116062
0.001541
0.040059
0.001736
0.013981
0.008511
0.068066
0.060353
0.058987
0.016750
0.003054
0.078910
0.012976
0.012979
0.018882
0.088444
0.059744
0.026501
0.008325
0.012270
0.129687
0.044956
0.013139
0.002505
0.012007
0.091961
0.052084
0.029175
0.028672
0.006253
0.005075
0.036818
0.014936
0.097970
0.088692
0.014410
0.001494
0.128334
0.024633
0.020514
0.040047
0.016266
0.061274
0.067149
0.003960
0.082120
0.008335
0.054377
0.045289
0.046830
0.016861
0.014060
0.112456
0.008776
0.123407
0.060779
0.000984
0.065781
0.035665
0.009776
0.017036
0.025484
0.079797
0.010527
0.165632
0.003778
0.072290
0.134170
0.021774
0.104004
0.050709
0.129802
0.110775
0.261260
0.213167
0.244795
0.294961
0.244062
0.014613
0.014613
0.024962
0.021339
0.039622
0.008544
0.000863
0.058390
0.020836
0.201832
0.078841
0.046390
0.005435
0.006512
0.081941
0.066522
0.030726
0.021507
0.051360
0.061154
0.052395
0.024355
0.011691
0.075861
0.040114
0.085565
0.052209
0.026298
0.014422
0.105720
0.097312
0.036680
0.003954
0.041418
0.059378
0.005331
0.021653
0.011071
0.001442
0.024149
0.002169
0.082299
0.060865
0.075577
0.004761
0.052404
0.008085
0.002635
0.166568
0.019547
0.015272
0.054972
0.041252
0.075198
0.003776
0.016673
0.002391
0.065116
0.148241
0.032112
0.025281
0.034868
0.014900
0.108552
0.023272
0.030579
0.035798
0.012165
0.067145
0.005196
0.017041
0.019604
0.021293
0.019657
0.094383
0.050659
0.010195
0.023447
0.044078
0.029386
0.046353
0.018559
0.027402
0.024237
0.052100
0.012219
0.032274
0.116279
0.007153
0.056873
0.104552
0.038900
0.191409
0.142088
0.134734
0.137333
0.159244
0.129247
0.092741
0.047054
0.032071
0.001310
0.076532
0.013823
0.028862
0.021171
0.012652
0.005814
0.025153
0.015112
0.003831
0.059373
0.005615
0.024090
0.020615
0.044127
0.032389
0.043895
0.012098
0.001543
0.014258
0.012113
0.002989
0.026534
0.148312
0.021530
0.023293
0.023185
0.103803
0.012988
0.043041
0.017163
0.039773
0.056475
0.006571
0.052164
0.024243
0.090836
0.066038
0.047084
0.028961
0.009515
0.132659
0.083376
0.067505
0.033526
0.096825
0.066912
0.051171
0.061036
0.062508
0.137787
0.010953
0.069810
0.062615
0.072098
0.045886
0.036956
0.291458
0.269545
0.094570
0.064155
0.176472
0.019186
0.009679
0.010400
0.005588
0.009309
0.036261
0.246811
0.010033
0.153669
0.077814
0.100715
0.143280
0.134638
0.141929
0.237513
0.077913
0.046342
0.047924
0.015146
0.000977
0.072195
0.026371
0.017825
0.083262
0.041942
0.025191
0.089926
0.071997
0.008620
0.147319
0.051738
0.001528
0.093090
0.052654
0.118821
0.003620
0.015450
0.089175
0.134499
0.107891
0.179362
0.139776
0.092029
0.031717
0.011149
0.121491
0.176966
0.170145
0.177060
0.000341
0.083311
0.078679
0.070589
0.059657
0.103814
0.031211
0.073485
0.015420
0.029634
0.017447
0.067932
0.082207
0.068027
0.019165
0.071894
0.019190
0.007853
0.058387
0.087289
0.069830
0.004494
0.067878
0.036946
0.026501
0.019631
0.014091
0.000506
0.040029
0.048198
0.092776
0.028245
0.025397
0.077252
0.072209
0.007126
0.032439
0.055195
0.062712
0.015904
0.011303
0.010986
0.069441
0.051970
0.006524
0.124401
0.123120
0.008218
0.018087
0.030546
0.000556
0.151867
0.047156
0.005698
0.007088
0.086775
0.069823
0.005378
0.091355
0.008621
0.008078
0.092650
0.063060
0.057249
0.045470
0.034252
0.050155
0.020490
0.019132
0.106737
0.028004
0.025630
0.053040
0.043293
0.051366
0.021980
0.021995
0.135939
0.025644
0.000048
0.025099
0.022272
0.046407
0.024974
0.010767
0.101029
0.186138
0.087706
0.115407
0.104217
0.042287
0.051310
0.020423
0.172173
0.111981
0.001503
0.003342
0.006468
0.007906
0.076931
0.025187
0.018301
0.016245
0.118147
0.139425
0.032525
0.027485
0.013289
0.001611
0.031378
0.029588
0.021190
0.110068
0.179489
0.115345
0.013061
0.118852
0.025142
0.031934
0.005891
0.150612
0.060981
0.055522
0.057222
0.046245
0.029705
0.025801
0.013343
0.031879
0.063752
0.004205
0.332544
0.048579
0.047050
0.015149
0.004194
0.006978
0.002957
0.009454
0.036358
0.039914
0.052329
0.144229
0.108166
0.182270
0.011701
0.055889
0.027091
0.030155
0.152427
0.007584
0.015285
0.087310
0.043709
0.003453
0.008431
0.020058
0.044123
0.039193
0.206693
0.147174
0.012824
0.013351
0.023095
0.005852
0.020284
0.000339
0.002001
0.009591
0.003361
0.045108
0.019135
0.040953
0.019289
0.130112
0.077422
0.070854
0.093391
0.027787
0.069766
0.004679
0.009661
0.050126
0.035762
0.046329
0.055782
0.045433
0.029144
0.083905
0.055050
0.016926
0.083853
0.026271
0.029524
0.001531
0.009167
0.066159
0.112526
0.072302
0.053143
0.020034
0.009010
0.000913
0.048974
0.004251
0.107883
0.002522
0.020432
0.042201
0.015445
0.016189
0.002532
0.082271
0.025368
0.006614
0.008845
0.097490
0.037963
0.051280
0.013312
0.075063
0.040951
0.022353
0.007003
0.038800
0.034832
0.036278
0.038291
0.041826
0.044007
0.002090
0.010909
0.032776
0.006441
0.025352
0.017730
0.011898
0.007497
0.045344
0.019593
0.043286
0.040792
0.007143
0.075516
0.052518
0.024045
0.080586
0.020995
0.076316
0.012156
0.014449
0.041434
0.006477
0.053733
0.097611
0.038285
0.046275
0.050110
0.022673
0.033773
0.020306
0.035182
0.029528
0.037209
0.018026
0.004632
0.018720
0.004030
0.053056
0.012848
0.032143
0.081960
0.041876
0.008158
0.080047
0.028532
0.027612
0.050057
0.021720
0.169877
0.011175
0.064115
0.038072
0.032182
0.023159
0.180008
0.094479
0.013933
0.165122
0.089482
0.103524
0.005497
0.124697
0.085828
0.193270
0.451680
0.433559
0.031661
0.168978
0.042607
0.068832
0.019573
0.012130
0.023670
0.021520
0.031513
0.030013
0.021344
0.051454
0.019991
0.044531
0.189078
0.040693
0.039505
0.015429
0.056554
0.056082
0.149461
0.033662
0.022397
0.063812
0.021366
0.170134
0.124503
0.165355
0.148198
0.140466
0.141378
0.092516
0.098700
0.100296
0.073823
0.006631
0.019838
0.188710
0.147392
0.131170
0.000014
0.048503
0.064201
0.069317
0.243810
0.194965
0.017371
0.128619
0.044462
0.004721
0.028656
0.082123
0.049602
0.157740
0.004987
0.046360
0.073847
0.010594
0.003496
0.033229
0.005663
0.015934
0.055973
0.044011
0.029885
0.028261
0.038968
0.022464
0.008154
0.038970
0.039941
0.028013
0.048701
0.046643
0.102686
0.074603
0.295388
0.000450
0.056754
0.289823
0.250478
0.312940
0.237274
0.172485
0.036831
0.098344
0.062919
0.169082
0.076516
0.063542
0.034328
0.060638
0.029876
0.026691
0.011380
0.092672
0.012927
0.075066
0.053800
0.088933
0.074759
0.017779
0.063693
0.032913
0.026489
0.006810
0.003230
0.013029
0.083929
0.075757
0.042547
0.039673
0.028248
0.061367
0.022082
0.075655
0.031316
0.012008
0.059149
0.076500
0.042717
0.021536
0.016229
0.297816
0.186835
0.068717
0.049401
0.050449
0.078515
0.102536
0.218589
0.230270
0.182221
0.148890
0.077207
0.062675
0.013518
0.235160
0.155664
0.164542
0.126139
0.003326
0.017271
0.009516
0.026482
0.118954
0.020418
0.080111
0.043829
0.007563
0.008338
0.053830
0.017144
0.035206
0.103838
0.046529
0.019394
0.050920
0.140117
0.108828
0.101396
0.074520
0.033842
0.024429
0.018783
0.014205
0.062082
0.025874
0.093036
0.071773
0.046030
0.018396
0.028232
0.085242
0.038979
0.078974
0.037425
0.000821
0.021957
0.212961
0.011058
0.055104
0.017129
0.085990
0.138209
0.129927
0.060811
0.062662
0.040985
0.130738
0.037323
0.011212
0.008296
0.044278
0.008077
0.046748
0.017965
0.021115
0.021552
0.010559
0.096212
0.006149
0.000411
0.000387
0.179653
0.057699
0.091961
0.008492
0.022918
0.080546
0.033922
0.027792
0.004386
0.065101
0.064515
0.105225
0.073821
0.011639
0.017950
0.141275
0.093278
0.074827
0.014899
0.084767
0.008892
0.049626
0.018542
0.014460
0.023962
0.037792
0.070449
0.071398
0.071509
0.064115
0.046311
0.062569
0.010077
0.012419
0.006477
0.004248
0.025321
0.052633
0.020012
0.006397
0.069723
0.028225
0.085702
0.020911
0.092558
0.064566
0.047981
0.003013
0.032162
0.019296
0.052683
0.001342
0.017614
0.039160
0.044109
0.036626
0.008617
0.020573
0.037124
0.005746
0.136454
0.049886
0.023515
0.012696
0.002097
0.006379
0.021462
0.000804
0.154798
0.121488
0.124418
0.013519
0.009251
0.002973
0.072843
0.055651
0.036796
0.061698
0.006706
0.023369
0.005852
0.018012
0.086004
0.011364
0.088962
0.008583
0.031301
0.023272
0.002318
0.127868
0.006805
0.030906
0.048523
0.043032
0.103109
0.002198
0.025758
0.001449
0.039706
0.001575
0.014640
0.013976
0.009846
0.105089
0.035442
0.002421
0.022540
0.069704
0.014099
0.061350
0.039748
0.084644
0.049690
0.028535
0.141298
0.065590
0.124590
0.131186
0.054634
0.035741
0.016248
0.003528
0.121411
0.091448
0.171934
0.294810
0.200963
0.091554
0.025607
0.131744
0.091420
0.088450
0.024175
0.112324
0.018965
0.096806
0.026989
0.037146
0.024844
0.049848
0.015178
0.111212
0.262917
0.176236
0.291709
0.304441
0.342825
0.187860
0.153473
0.133955
0.022044
0.070698
0.067780
0.012639
0.018343
0.165607
0.156443
0.181083
0.115956
0.044627
0.027893
0.014511
0.054434
0.062395
0.018357
0.027904
0.080616
0.154160
0.094291
0.115992
0.035904
0.031393
0.005614
0.003188
0.026783
0.015014
0.069040
0.075418
0.124826
0.034382
0.020235
0.103396
0.063332
0.029652
0.012433
0.017456
0.077280
0.003557
0.020073
0.022784
0.012419
0.001303
0.009618
0.085298
0.020435
0.017636
0.099916
0.030071
0.024325
0.003285
0.123002
0.123292
0.015005
0.019281
0.044159
0.051005
0.000426
0.024849
0.031256
0.100928
0.026008
0.049582
0.006623
0.004338
0.024065
0.039289
0.087782
0.003364
0.145589
0.076524
0.000895
0.018838
0.064346
0.036496
0.044993
0.114020
0.081398
0.010996
0.005704
0.032997
0.093472
0.002286
0.027603
0.004281
0.002124
0.160886
0.158621
0.057719
0.105297
0.019403
0.000289
0.098146
0.083271
0.113429
0.028150
0.003977
0.011802
0.050309
0.042357
0.035208
0.027455
0.010690
0.029715
0.021597
0.260607
0.217595
0.171651
0.258607
0.214947
0.040995
0.046939
0.046025
0.012809
0.079694
0.048986
0.018653
0.007745
0.003022
0.003114
0.089926
0.031110
0.015689
0.029602
0.014846
0.036709
0.082659
0.009344
0.068467
0.140840
0.069172
0.033165
0.020112
0.140039
0.053187
0.024276
0.163307
0.151701
0.008881
0.013456
0.182358
0.154846
0.040473
0.094506
0.021615
0.157027
0.093074
0.056171
0.043183
0.064398
0.004914
0.002258
0.027452
0.007397
0.001145
0.114215
0.010238
0.001397
0.034545
0.068386
0.200864
0.010178
0.015539
0.145089
0.001116
0.004848
0.008558
0.005952
0.014890
0.038313
0.112012
0.039278
0.012597
0.028906
0.049693
0.013849
0.022135
0.020458
0.020562
0.019946
0.177061
0.056184
0.088552
0.051687
0.022291
0.022258
0.125289
0.016900
0.003461
0.106303
0.064782
0.028231
0.002673
0.028062
0.005745
0.077029
0.066888
0.021826
0.033104
0.023749
0.180990
0.136428
0.093387
0.058760
0.033496
0.061606
0.045074
0.071150
0.095926
0.016980
0.002519
0.060734
0.060653
0.121319
0.028958
0.002223
0.010778
0.073936
0.109122
0.080094
0.015283
0.011626
0.103794
0.028201
0.026380
0.001961
0.038922
0.114715
0.037439
0.003621
0.056292
0.027666
0.012699
0.232690
0.049381
0.026108
0.017442
0.004898
0.131975
0.065794
0.001686
0.047470
0.023888
0.071715
0.030029
0.023482
0.169671
0.100028
0.035056
0.112429
0.090485
0.070786
0.046218
0.000542
0.152347
0.121781
0.010159
0.014275
0.016152
0.027331
0.002148
0.031042
0.025253
0.012206
0.065619
0.028595
0.019102
0.017491
0.029758
0.001753
0.009316
0.002579
0.052253
0.106046
0.077413
0.014366
0.004016
0.051491
0.032641
0.021102
0.012996
0.062480
0.033246
0.015836
0.046061
0.011648
0.045057
0.002354
0.133609
0.118652
0.016248
0.039841
0.018901
0.049489
0.138230
0.170427
0.022981
0.035530
0.066524
0.090398
0.036953
0.093921
0.037337
0.037969
0.030571
0.156358
0.133966
0.084565
0.005915
0.049719
0.074828
0.214064
0.134506
0.008740
0.122665
0.001483
0.149276
0.132852
0.071489
0.029063
0.006796
0.079290
0.049384
0.046878
0.000123
0.038722
0.017885
0.027324
0.019637
0.047086
0.113311
0.048502
0.099231
0.045011
0.065889
0.121693
0.093094
0.091655
0.161224
0.179198
0.184859
0.063557
0.030525
0.119041
0.020241
0.088497
0.037901
0.027605
0.061686
0.028492
0.012887
0.030232
0.056590
0.200258
0.197929
0.168420
0.070261
0.068939
0.033993
0.011096
0.020642
0.013606
0.024332
0.009185
0.038725
0.064374
0.022856
0.028943
0.011353
0.015300
0.070009
0.047408
0.005721
0.018914
0.124303
0.048580
0.073304
0.032307
0.008194
0.048848
0.045918
0.065331
0.120414
0.047222
0.008802
0.031603
0.022187
0.020909
0.023628
0.007115
0.039665
0.095467
0.029319
0.134268
0.032084
0.017321
0.007937
0.064831
0.006428
0.043067
0.033856
0.003917
0.002256
0.044169
0.006540
0.030450
0.050144
0.059227
0.031377
0.039877
0.005409
0.055292
0.047405
0.037568
0.021140
0.018867
0.076336
0.101134
0.092268
0.033454
0.034908
0.043629
0.175704
0.043639
0.071619
0.019848
0.006079
0.066993
0.025408
0.068788
0.114399
0.054678
0.116705
0.095649
0.085560
0.086653
0.202419
0.127243
0.189012
0.176046
0.193124
0.085495
0.007637
0.032488
0.044843
0.014548
0.010246
0.091541
0.023157
0.054931
0.008951
0.059668
0.127726
0.058412
0.089808
0.081137
0.018500
0.049955
0.000372
0.022182
0.004343
0.016037
0.113937
0.123880
0.123720
0.097873
0.085904
0.028187
0.041927
0.116616
0.134031
0.119239
0.154188
0.139896
0.037550
0.092202
0.014944
0.181886
0.054029
0.020677
0.023847
0.012920
0.152235
0.054672
0.044105
0.037149
0.024120
0.043072
0.001030
0.129725
0.042689
0.060541
0.045217
0.141145
0.050254
