0.000000
0.000000
0.000000
0.000000
0.000000
0.000000
0.000000
0.000000
0.000000
0.000000
0.000000
0.000000
0.000000
0.000000
0.000000
0.000000
0.000000
0.000000
0.010131
0.000000
0.000000
0.000000
0.000000
0.000000
0.000000
0.000000
0.000000
0.000000
0.072713
0.000000
0.020008
0.000000
0.000000
0.000000
0.000000
0.000000
0.000000
0.000000
0.000000
0.000000
0.050410
0.000000
0.000000
0.000000
0.000000
0.000000
0.000000
0.000000
0.000000
0.000000
0.047473
0.060437
0.058736
0.089716
0.000000
0.000000
0.000000
0.000000
0.000000
0.005038
0.028111
0.000000
0.000000
0.000000
0.000000
0.000000
0.000000
0.000000
0.030846
0.000000
0.000000
0.050690
0.006275
0.000000
0.075170
0.118795
0.000000
0.000000
0.000000
0.000000
0.002916
0.000000
0.000000
0.000000
0.000000
0.176195
0.050305
0.003709
0.000000
0.000000
0.000000
0.022416
0.000000
0.000000
0.000000
0.029932
0.033706
0.000000
0.000000
0.035178
0.075726
0.000000
0.000000
0.000000
0.000000
0.000000
0.096679
0.008245
0.000000
0.000000
0.000000
0.000000
0.000000
0.000000
0.000000
0.000000
0.000000
0.085881
0.006718
0.000000
0.000000
0.000000
0.000000
0.000000
0.137169
0.000000
0.014465
0.000000
0.000000
0.000000
0.000000
0.000000
0.000000
0.000000
0.000000
0.000000
0.000000
0.018872
0.000000
0.000000
0.000000
0.000000
0.000000
0.000000
0.000000
0.000000
0.000000
0.000000
0.000000
0.000000
0.000000
0.000000
0.016280
0.000000
0.047313
0.034799
0.000000
0.000000
0.000000
0.000000
0.000000
0.000000
0.000000
0.000000
0.000000
0.000000
0.075723
0.000000
0.000000
0.028257
0.000000
0.000000
0.000000
0.000000
0.055446
0.100933
0.009450
0.000000
0.000000
0.000000
0.097773
0.014910
0.000000
0.000000
0.000000
0.000000
0.060567
0.000000
0.000000
0.000000
0.003643
0.000000
0.000000
0.000000
0.000000
0.116264
0.000000
0.000000
0.000000
0.039326
0.065614
0.000000
0.000000
0.000000
0.000000
0.000000
0.000000
0.000000
0.000000
0.000000
0.000000
0.052984
0.000000
0.000000
0.000000
0.000000
0.000000
0.032597
0.000000
0.000000
0.000000
0.000000
0.000000
0.000000
0.000000
0.000000
0.000000
0.000000
0.000000
0.007579
0.000000
0.000000
0.000000
0.012993
0.000000
0.000000
0.000000
0.018969
0.001640
0.000000
0.000000
0.000000
0.000000
0.000000
0.000000
0.044713
0.000000
0.000000
0.041622
0.000000
0.000000
0.046919
0.000000
0.000000
0.000000
0.000000
0.000000
0.000000
0.000000
0.000000
0.000000
0.000000
0.005206
0.018608
0.000000
0.002627
0.000000
0.000000
0.000000
0.000000
0.000000
0.000000
0.000000
0.000000
0.000000
0.000000
0.000000
0.000000
0.000000
0.006383
0.000000
0.000000
0.148350
0.000000
0.000000
0.000000
0.000000
0.000000
0.000000
0.000000
0.000000
0.000000
0.073371
0.209735
0.207463
0.002094
0.024560
0.160259
0.015309
0.147320
0.018631
0.000000
0.000000
0.000000
0.000000
0.000000
0.000000
0.000000
0.000000
0.015431
0.000000
0.000000
0.000000
0.000000
0.000000
0.000000
0.000000
0.026891
0.000000
0.000000
0.000000
0.000000
0.000000
0.000000
0.000000
0.036206
0.072749
0.163980
0.103880
0.044266
0.000000
0.000000
0.000000
0.049237
0.000000
0.092953
0.000000
0.030036
0.000000
0.069257
0.016242
0.000000
0.000218
0.000000
0.000000
0.000000
0.000000
0.000000
0.028289
0.000000
0.052315
0.000000
0.056901
0.000000
0.057231
0.000000
0.000000
0.000000
0.000000
0.000000
0.010388
0.000000
0.000000
0.000000
0.000000
0.000000
0.000000
0.052390
0.000000
0.000000
0.071441
0.035738
0.012453
0.064829
0.000000
0.000000
0.000000
0.160399
0.062128
0.049996
0.024740
0.000000
0.000000
0.000000
0.000000
0.000000
0.000000
0.000000
0.000000
0.000000
0.041665
0.000000
0.000000
0.000000
0.000000
0.021257
0.000000
0.000000
0.000000
0.000000
0.000000
0.000000
0.000000
0.000000
0.000000
0.000000
0.000000
0.000000
0.001106
0.000000
0.000000
0.102040
0.110106
0.035252
0.000000
0.000000
0.000000
0.000000
0.000000
0.039132
0.000000
0.000000
0.000000
0.000000
0.000000
0.000000
0.000000
0.000000
0.000000
0.000000
0.000000
0.000000
0.000000
0.000000
0.000000
0.008238
0.000000
0.027182
0.000000
0.000000
0.000000
0.000000
0.000000
0.000000
0.000000
0.000000
0.000000
0.000000
0.000000
0.000000
0.000000
0.078402
0.008180
0.076065
0.020113
0.000000
0.066851
0.093900
0.000000
0.000000
0.000000
0.000000
0.000000
0.000000
0.000000
0.000000
0.000000
0.000000
0.000000
0.000000
0.000000
0.000000
0.000000
0.000000
0.000000
0.000000
0.000000
0.000000
0.000000
0.000000
0.000000
0.000000
0.000000
0.000000
0.000000
0.000000
0.000000
0.000000
0.000000
0.000000
0.000000
0.000000
0.000000
0.000000
0.000000
0.000000
0.000000
0.010881
0.000000
0.000000
0.000000
0.000000
0.019960
0.102284
0.015186
0.000000
0.000000
0.000000
0.000000
0.000000
0.012458
0.000000
0.000000
0.000000
0.000000
0.000000
0.021636
0.000000
0.115100
0.018387
0.068670
0.000000
0.000000
0.000000
0.021258
0.010121
0.000000
0.000000
0.000000
0.043654
0.080814
0.041868
0.010573
0.000000
0.000000
0.000000
0.132146
0.000000
0.000000
0.000000
0.000000
0.000356
0.080409
0.000000
0.000000
0.000000
0.000000
0.000000
0.000000
0.000000
0.000000
0.000000
0.000000
0.048799
0.016856
0.000000
0.000000
0.000000
0.000000
0.000000
0.004304
0.000000
0.000000
0.000000
0.000000
0.000000
0.010494
0.000000
0.112260
0.000000
0.071160
0.093378
0.013820
0.000000
0.099441
0.000000
0.000000
0.013729
0.000000
0.000000
0.066158
0.030058
0.000000
0.000000
0.035272
0.000000
0.025217
0.000000
0.000000
0.000000
0.000000
0.000000
0.000000
0.000000
0.000000
0.000000
0.000000
0.000000
0.000000
0.000000
0.000000
0.048728
0.032499
0.000000
0.000000
0.000000
0.000000
0.000000
0.000000
0.000000
0.000000
0.000000
0.052345
0.027940
0.000000
0.000000
0.000000
0.000000
0.052840
0.065597
0.035906
0.000000
0.023495
0.000000
0.014397
0.000000
0.000000
0.000000
0.007796
0.020930
0.000000
0.000000
0.000000
0.000000
0.000000
0.000000
0.030965
0.000000
0.000000
0.000000
0.000000
0.009641
0.000000
0.000000
0.000000
0.002655
0.078041
0.000000
0.000000
0.071229
0.000000
0.000000
0.000000
0.000000
0.000000
0.000000
0.000000
0.000000
0.000000
0.000000
0.000000
0.000000
0.000000
0.000000
0.000000
0.100738
0.000000
0.000000
0.004215
0.000000
0.000000
0.000000
0.007338
0.045830
0.023284
0.000000
0.000000
0.000000
0.000000
0.022511
0.001239
0.000000
0.000000
0.000000
0.039305
0.000000
0.000000
0.089054
0.049422
0.016645
0.000000
0.000000
0.000000
0.000000
0.000000
0.000000
0.009437
0.000000
0.000000
0.000000
0.018855
0.000000
0.000000
0.000000
0.000000
0.000000
0.064521
0.037437
0.000000
0.004634
0.000000
0.116634
0.000000
0.000000
0.000000
0.000000
0.000000
0.000000
0.000000
0.000000
0.000000
0.000000
0.000000
0.194869
0.110010
0.036487
0.005538
0.171042
0.098431
0.030464
0.259506
0.098380
0.011874
0.037379
0.014810
0.000000
0.000000
0.000000
0.004409
0.000000
0.059372
0.033475
0.000000
0.052090
0.000000
0.000000
0.000000
0.000000
0.000000
0.000000
0.000000
0.000000
0.033556
0.000000
0.018781
0.000000
0.000000
0.000000
0.020294
0.032490
0.000000
0.000000
0.038893
0.015088
0.059762
0.000000
0.071974
0.000949
0.000000
0.018431
0.000000
0.000000
0.000000
0.000000
0.000000
0.000000
0.036527
0.023080
0.040280
0.000000
0.176409
0.115095
0.054505
0.107497
0.019779
0.000435
0.000000
0.000000
0.039360
0.000000
0.073794
0.006137
0.069358
0.000000
0.000000
0.000000
0.042418
0.085435
0.072711
0.000000
0.000000
0.000000
0.000000
0.000000
0.000000
0.000000
0.000000
0.000000
0.030358
0.000000
0.239694
0.019201
0.220293
0.002927
0.000000
0.000000
0.005641
0.000000
0.024646
0.000000
0.000000
0.000000
0.000000
0.000000
0.000000
0.034847
0.024964
0.000000
0.000000
0.000000
0.020776
0.052264
0.000000
0.007928
0.000000
0.000000
0.000000
0.000000
0.002340
0.000000
0.035868
0.010319
0.000000
0.000000
0.000000
0.115333
0.079988
0.057705
0.129828
0.024787
0.000810
0.000000
0.000000
0.000000
0.000000
0.000000
0.000000
0.000000
0.000000
0.028088
0.003134
0.000000
0.000000
0.000000
0.000000
0.000000
0.000000
0.000000
0.000000
0.000000
0.000000
0.040634
0.029157
0.000000
0.000000
0.000000
0.010909
0.000000
0.044667
0.000000
0.000000
0.000000
0.000000
0.000000
0.007432
0.000000
0.000000
0.002612
0.000000
0.000000
0.000000
0.000000
0.052454
0.006327
0.000000
0.006584
0.000000
0.044976
0.000000
0.000000
0.003775
0.000000
0.000000
0.030723
0.000000
0.000000
0.000000
0.060204
0.013506
0.000000
0.000000
0.030637
0.029098
0.000000
0.000000
0.000000
0.000000
0.000000
0.000000
0.000000
0.000000
0.000000
0.000000
0.000000
0.000000
0.000000
0.000000
0.000000
0.000000
0.070147
0.100335
0.026064
0.000000
0.000000
0.000000
0.000000
0.000000
0.000000
0.000000
0.000000
0.000000
0.000000
0.000000
0.133450
0.000000
0.000000
0.000000
0.007921
0.000000
0.000000
0.000000
0.040723
0.000000
0.000000
0.000000
0.000000
0.000795
0.000000
0.000000
0.000000
0.000000
0.000000
0.000000
0.046917
0.009013
0.000000
0.000000
0.000000
0.000000
0.000000
0.000000
0.000000
0.000000
0.070144
0.049013
0.000000
0.007969
0.000000
0.000000
0.000000
0.000000
0.015677
0.110199
0.000000
0.000000
0.000000
0.000000
0.000000
0.000000
0.000000
0.000000
0.000000
0.000000
0.020684
0.000000
0.000000
0.000000
0.000000
0.001400
0.000000
0.000000
0.000000
0.006477
0.000000
0.000000
0.160302
0.040745
0.000000
0.000000
0.001801
0.000000
0.000000
0.000000
0.041540
0.063026
0.000000
0.103201
0.014793
0.000000
0.073419
0.000000
0.005847
0.000000
0.000000
0.000000
0.044902
0.000000
0.000000
0.000000
0.000000
0.055218
0.000000
0.000000
0.037412
0.000000
0.044912
0.000000
0.000000
0.000000
0.000000
0.019084
0.000000
0.000000
0.000000
0.118480
0.103750
0.004624
0.053935
0.000000
0.000000
0.000000
0.028393
0.000000
0.000000
0.012479
0.000000
0.000000
0.000000
0.000000
0.030409
0.000000
0.000000
0.000000
0.000000
0.000000
0.000000
0.000000
0.000000
0.000000
0.043550
0.000000
0.000000
0.000000
0.000000
0.001240
0.000000
0.000000
0.000000
0.000000
0.002463
0.000000
0.000000
0.000000
0.000000
0.000000
0.000000
0.000000
0.011071
0.015209
0.000000
0.000000
0.003128
0.000000
0.027422
0.000000
0.000000
0.000000
0.000000
0.000000
0.000000
0.000000
0.000000
0.000000
0.010573
0.012713
0.049953
0.073480
0.135862
0.000000
0.000000
0.000000
0.000000
0.000000
0.000000
0.013748
0.000000
0.015661
0.167127
0.022923
0.000000
0.000000
0.000000
0.000000
0.000000
0.000000
0.028562
0.000000
0.000000
0.026551
0.114294
0.057272
0.000334
0.000000
0.022017
0.000000
0.000000
0.006289
0.000000
0.000000
0.000000
0.000000
0.000000
0.000000
0.002481
0.000000
0.000000
0.000000
0.000000
0.000000
0.000000
0.000000
0.000000
0.015142
0.000000
0.000000
0.000000
0.000000
0.000000
0.000000
0.000000
0.000000
0.000000
0.000000
0.000000
0.000000
0.000000
0.000000
0.000000
0.000000
0.000000
0.039608
0.038699
0.000000
0.000000
0.000000
0.000000
0.000000
0.000000
0.000000
0.000000
0.000000
0.000000
0.005256
0.048266
0.084859
0.000000
0.048388
0.000000
0.000018
0.000000
0.000000
0.000000
0.000000
0.000000
0.013531
0.010885
0.000000
0.000000
0.036096
0.000000
0.000961
0.000000
0.000000
0.100582
0.150942
0.120826
0.117345
0.000000
0.000000
0.000000
0.000000
0.072834
0.061735
0.021660
0.000000
0.000000
0.000000
0.000000
0.000000
0.038458
0.000000
0.000000
0.000000
0.000000
0.000000
0.000000
0.000000
0.045983
0.000000
0.000000
0.000000
0.000000
0.000000
0.000000
0.000000
0.084571
0.160734
0.027005
0.100255
0.000000
0.088596
0.002707
0.000000
0.000000
0.000000
0.000000
0.000000
0.064920
0.090329
0.031879
0.000000
0.000000
0.000000
0.039740
0.000000
0.041595
0.000000
0.000000
0.000000
0.000000
0.000000
0.000000
0.000000
0.000000
0.000000
0.029465
0.021929
0.006546
0.038925
0.000000
0.000000
0.045553
0.077385
0.000000
0.000000
0.000000
0.000000
0.000000
0.069047
0.008922
0.013893
0.000000
0.000000
0.000000
0.000000
0.000000
0.000000
0.017660
0.000000
0.000000
0.000000
0.000000
0.000000
0.000000
0.159155
0.155265
0.000000
0.000000
0.000000
0.000000
0.000000
0.019650
0.177274
0.116229
0.000000
0.124374
0.029583
0.000000
0.039540
0.000000
0.054403
0.000000
0.000000
0.000000
0.000000
0.000000
0.037463
0.000000
0.002799
0.000000
0.015745
0.000000
0.030084
0.000000
0.014807
0.000000
0.245831
0.000342
0.005645
0.043288
0.036160
0.104149
0.048300
0.090828
0.029883
0.000000
0.000000
0.005114
0.013824
0.042691
0.000000
0.000000
0.000000
0.000000
0.073875
0.000000
0.000204
0.000000
0.000000
0.000000
0.000000
0.000000
0.000000
0.000000
0.000000
0.000000
0.000000
0.011141
0.071055
0.070051
0.000000
0.000000
0.000000
0.000000
0.000000
0.000000
0.000000
0.085145
0.000000
0.088539
0.000000
0.000000
0.026065
0.000000
0.000000
0.000000
0.000000
0.000000
0.000000
0.000000
0.000000
0.020102
0.001543
0.000000
0.000000
0.000000
0.038159
0.000000
0.000000
0.000000
0.000000
0.000000
0.000000
0.000000
0.000000
0.000000
0.000000
0.000000
0.000000
0.133825
0.056625
0.057899
0.000772
0.000000
0.000000
0.000000
0.037382
0.017398
0.000000
0.000000
0.000000
0.000000
0.000000
0.000000
0.000000
0.000000
0.000000
0.000000
0.000000
0.000000
0.000000
0.011394
0.000000
0.000000
0.000000
0.000000
0.000000
0.000000
0.000000
0.000000
0.000000
0.010610
0.000000
0.000000
0.000000
0.000000
0.000000
0.000000
0.045619
0.000000
0.100931
0.000000
0.000000
0.000000
0.000000
0.000000
0.000000
0.000000
0.000000
0.000000
0.000000
0.000000
0.000000
0.022068
0.000000
0.000000
0.003385
0.000000
0.000000
0.000000
0.090505
0.026397
0.000000
0.000000
0.000000
0.000000
0.000000
0.000000
0.000000
0.000000
0.000000
0.192479
0.074454
0.000000
0.000000
0.000000
0.020269
0.000000
0.012581
0.000000
0.000000
0.000000
0.000000
0.000000
0.000000
0.000000
0.000000
0.000000
0.000000
0.000000
0.000592
0.000000
0.000000
0.000000
0.000000
0.000000
0.000000
0.000000
0.000000
0.003318
0.000000
0.000000
0.000000
0.029729
0.000000
0.052418
0.102771
0.024417
0.000000
0.000000
0.000000
0.000000
0.000000
0.000000
0.011176
0.060607
0.026545
0.000000
0.000000
0.000000
0.000000
0.000000
0.000000
0.000000
0.015852
0.009748
0.000000
0.005872
0.000000
0.000000
0.121323
0.000000
0.000000
0.030040
0.000000
0.000000
0.000000
0.209977
0.070815
0.000000
0.000000
0.000000
0.000000
0.000000
0.000000
0.000000
0.000000
0.000000
0.000000
0.020630
0.000000
0.024651
0.010388
0.000000
0.000000
0.000000
0.000000
0.000000
0.000000
0.000000
0.000000
0.041517
0.027193
0.000000
0.000000
0.000000
0.000000
0.000000
0.000000
0.010982
0.000000
0.099228
0.000000
0.040315
0.021246
0.005026
0.000000
0.000000
0.011594
0.000000
0.000000
0.000000
0.015111
0.000000
0.000000
0.000000
0.022322
0.000000
0.000000
0.000000
0.000000
0.000000
0.000000
0.000000
0.000000
0.000000
0.000000
0.000000
0.000000
0.000000
0.097935
0.000000
0.000000
0.000000
0.000000
0.000000
0.000000
0.000000
0.000000
0.000000
0.000000
0.000000
0.000000
0.000000
0.015555
0.000000
0.000000
0.000000
0.000000
0.000000
0.000000
0.000000
0.031570
0.007273
0.045679
0.000000
0.000000
0.077062
0.000000
0.000000
0.087924
0.004822
0.000000
0.000000
0.080348
0.062915
0.000000
0.000000
0.001724
0.000000
0.000000
0.000000
0.000000
0.195265
0.024292
0.000000
0.000000
0.000000
0.000000
0.000000
0.000000
0.000000
0.000000
0.114518
0.039707
0.000000
0.000000
0.000000
0.000000
0.000000
0.000000
0.000000
0.028322
0.000000
0.067457
0.000000
0.017896
0.000000
0.028306
0.000000
0.026408
0.035738
0.000000
0.000000
0.029789
0.000337
0.000000
0.000000
0.052699
0.027629
0.000000
0.000000
0.000000
0.000000
0.000000
0.000000
0.000000
0.000000
0.110683
0.044140
0.000000
0.000000
0.000000
0.063993
0.020389
0.000000
0.000000
0.000000
0.000000
0.000000
0.071281
0.000000
0.000000
0.000000
0.000000
0.000000
0.000000
0.000000
0.000000
0.027980
0.000000
0.000000
0.000000
0.000000
0.071275
0.014417
0.054892
0.000000
0.000000
0.000000
0.000000
0.000000
0.000000
0.022843
0.000000
0.000000
0.000000
0.000000
0.000000
0.000000
0.000000
0.000000
0.185056
0.032074
0.003264
0.006267
0.000000
0.000000
0.000000
0.000000
0.000000
0.000000
0.000000
0.000000
0.000160
0.000000
0.136203
0.008810
0.041020
0.117450
0.024677
0.010934
0.000000
0.000000
0.000000
0.000000
0.000000
0.080369
0.011199
0.000000
0.000000
0.000000
0.000000
0.000000
0.000000
0.000000
0.017738
0.000000
0.000000
0.000000
0.000000
0.000000
0.013620
0.000000
0.058759
0.000000
0.000000
0.000000
0.000000
0.000000
0.000000
0.000000
0.000000
0.000000
0.000000
0.000000
0.000000
0.000000
0.000000
0.000000
0.000000
0.000000
0.000000
0.000000
0.000000
0.000000
0.000000
0.000000
0.000000
0.000000
0.045797
0.000000
0.038470
0.019072
0.003757
0.000000
0.000000
0.070403
0.000000
0.000000
0.000000
0.000000
0.001793
0.000000
0.000000
0.000000
0.000000
0.033775
0.000000
0.000000
0.066962
0.058899
0.000000
0.000000
0.000000
0.000509
0.013917
0.022828
0.000636
0.000000
0.000000
0.000000
0.000000
0.000000
0.000000
0.052992
0.000000
0.000000
0.000000
0.079936
0.002165
0.000000
0.000000
0.000000
0.000000
0.049738
0.000000
0.055830
0.000969
0.000000
0.000000
0.000000
0.000000
0.000000
0.000000
0.000000
0.000000
0.000000
0.000000
0.000000
0.000000
0.000000
0.000000
0.000000
0.000000
0.000000
0.056641
0.000000
0.000000
0.000000
0.000000
0.002626
0.008125
0.000000
0.000000
0.000000
0.000562
0.000000
0.000000
0.016125
0.080729
0.000000
0.000000
0.000000
0.031606
0.000000
0.000000
0.000000
0.000000
0.000000
0.024044
0.000000
0.116399
0.000000
0.019437
0.000000
0.000000
0.075045
0.000000
0.000000
0.008736
0.000000
0.036624
0.000000
0.000000
0.000000
0.029988
0.000000
0.000000
0.000000
0.000000
0.000000
0.000000
0.000000
0.043189
0.079435
0.042080
0.000000
0.000000
0.000000
0.000000
0.092826
0.106277
0.000000
0.011951
0.000000
0.000000
0.000000
0.000000
0.000000
0.034503
0.014334
0.000470
0.000000
0.000000
0.000000
0.000000
0.000000
0.000000
0.000000
0.000000
0.000000
0.023328
0.044780
0.000000
0.000000
0.000000
0.000000
0.000000
0.000000
0.000000
0.000000
0.000000
0.000000
0.000000
0.000000
0.000000
0.000000
0.000000
0.000000
0.000000
0.000000
0.000000
0.000000
0.000000
0.010792
0.014615
0.000000
0.000000
0.011048
0.000000
0.123271
0.000000
0.026588
0.000000
0.000000
0.000000
0.005855
0.000000
0.000000
0.067202
0.000000
0.000000
0.022268
0.000000
0.000000
0.000000
0.000000
0.000000
0.022240
0.000000
0.000000
0.000000
0.000000
0.061788
0.000000
0.000000
0.000000
0.000000
0.058963
0.000000
0.040501
0.000000
0.000000
0.000000
0.000000
0.000000
0.000000
0.000000
0.000000
0.000000
0.000000
0.001709
0.000000
0.000000
0.118056
0.062851
0.000000
0.000000
0.000000
0.000000
0.185314
0.078434
0.177375
0.060549
0.031907
0.035823
0.000000
0.000000
0.000000
0.000000
0.022196
0.018568
0.050384
0.000000
0.000000
0.000000
0.000000
0.000000
0.000000
0.166837
0.117838
0.069640
0.022490
0.026290
0.000000
0.000000
0.000000
0.000000
0.000000
0.000000
0.000000
0.000000
0.000000
0.102731
0.077079
0.101632
0.007567
0.000000
0.000000
0.342241
0.011380
0.013130
0.040335
0.000000
0.000000
0.000000
0.069279
0.000000
0.000000
0.000762
0.000000
0.000000
0.000000
0.000000
0.000000
0.000000
0.000000
0.000000
0.052190
0.050724
0.251707
0.012698
0.025894
0.026121
0.000000
0.008636
0.000000
0.000000
0.000000
0.015462
0.000000
0.000000
0.000000
0.000000
0.000000
0.000000
0.000000
0.000000
0.000000
0.000000
0.000000
0.033790
0.000000
0.000000
0.000000
0.000000
0.001421
0.032366
0.000000
0.000000
0.000000
0.072663
0.000000
0.000000
0.000000
0.032641
0.000000
0.000000
0.000000
0.053776
0.000000
0.007894
0.071843
0.000000
0.000000
0.000000
0.000000
0.000000
0.000000
0.000000
0.000000
0.109586
0.053321
0.140748
0.067105
0.000000
0.000000
0.000000
0.000000
0.000000
0.062473
0.067126
0.000000
0.000000
0.000000
0.000000
0.000000
0.000000
0.000000
0.000000
0.000000
0.000000
0.000000
0.000000
0.000000
0.000000
0.000000
0.000000
0.000000
0.000000
0.000000
0.000000
0.346306
0.053093
0.135885
0.062963
0.110846
0.115684
0.024479
0.000000
0.078650
0.000000
0.120401
0.112790
0.009996
0.000000
0.000000
0.000000
0.000000
0.000000
0.000000
0.002747
0.049393
0.000000
0.000000
0.000000
0.000000
0.000000
0.000000
0.000000
0.007898
0.000000
0.000000
0.000000
0.000000
0.000000
0.000000
0.000000
0.000000
0.000000
0.006674
0.009934
0.156786
0.000000
0.000000
0.000000
0.000000
0.000000
0.000000
0.000000
0.000000
0.000000
0.016027
0.000000
0.000000
0.000000
0.000000
0.000000
0.000000
0.000000
0.000000
0.000000
0.000000
0.000000
0.000000
0.000000
0.000000
0.000000
0.000000
0.002187
0.000000
0.000000
0.012092
0.060815
0.000000
0.000000
0.000000
0.000000
0.000000
0.000000
0.000000
0.000000
0.061897
0.000000
0.098419
0.016856
0.182933
0.015720
0.095042
0.056252
0.025304
0.018165
0.000000
0.075471
0.000000
0.000000
0.000000
0.000000
0.000000
0.000000
0.194749
0.056567
0.014218
0.024586
0.000000
0.000000
0.000000
0.000000
0.008821
0.000000
0.000000
0.000000
0.030451
0.000000
0.000000
0.000000
0.082403
0.000000
0.000000
0.036056
0.000000
0.000000
0.001044
0.011807
0.000000
0.000000
0.000000
0.000000
0.000000
0.000000
0.000000
0.000000
0.000000
0.000000
0.030906
0.034828
0.098585
0.000000
0.000000
0.000000
0.000000
0.000000
0.000000
0.000000
0.050102
0.079180
0.000000
0.000000
0.000000
0.000000
0.000000
0.007406
0.017139
0.000000
0.025609
0.000000
0.061607
0.016184
0.016710
0.000000
0.000000
0.033651
0.000000
0.000000
0.000000
0.008814
0.000000
0.000000
0.000000
0.000000
0.000000
0.007902
0.000000
0.000000
0.000000
0.067497
0.000000
0.000000
0.000000
0.000000
0.000000
0.000000
0.000000
0.007796
0.000000
0.042217
0.047946
0.042053
0.099099
0.002804
0.041897
0.122403
0.023470
0.000000
0.000000
0.031638
0.071533
0.000000
0.000000
0.013366
0.000000
0.000000
0.000356
0.000000
0.000000
0.000000
0.000000
0.000000
0.000000
0.000000
0.000000
0.000000
0.000000
0.000000
0.000000
0.000000
0.000000
0.209402
0.000000
0.000000
0.000000
0.119333
0.000000
0.000000
0.000000
0.000000
0.000000
0.000000
0.075208
0.000000
0.001240
0.000000
0.000000
0.007994
0.000000
0.014225
0.006364
0.000000
0.000000
0.000000
0.064375
0.000000
0.000000
0.000000
0.000000
0.000000
0.068164
0.059028
0.030786
0.000000
0.000000
0.016436
0.061441
0.000000
0.000000
0.000000
0.000000
0.000000
0.039135
0.041837
0.000000
0.000000
0.018906
0.000000
0.109805
0.069108
0.034151
0.012990
0.125375
0.030077
0.029476
0.000000
0.000000
0.000000
0.000000
0.000000
0.000000
0.043767
0.000000
0.047801
0.000000
0.000000
0.029416
0.000000
0.000000
0.015025
0.000000
0.000000
0.079662
0.009857
0.116637
0.082371
0.063290
0.002084
0.076415
0.020108
0.000000
0.052969
0.000000
0.139325
0.025767
0.000000
0.011248
0.031741
0.000000
0.000000
0.081779
0.037922
0.143391
0.000000
0.071156
0.057409
0.000000
0.000000
0.000000
0.000000
0.000000
0.008362
0.054337
0.044581
0.042890
0.000000
0.000000
0.000000
0.000000
0.000000
0.000000
0.057386
0.000000
0.000000
0.000000
0.040050
0.005072
0.000000
0.000000
0.034078
0.023290
0.000000
0.023011
0.000000
0.000000
0.000000
0.000000
0.000000
0.000000
0.071762
0.000000
0.000000
0.000000
0.000000
0.025595
0.000000
0.000000
0.000000
0.000000
0.000000
0.047425
0.000000
0.000000
0.000000
0.000000
0.000000
0.000000
0.006215
0.000000
0.000000
0.000000
0.062065
0.084590
0.000000
0.000000
0.000000
0.000000
0.000000
0.000000
0.050736
0.168255
0.002837
0.000000
0.000000
0.000000
0.000000
0.000000
0.000000
0.000000
0.000000
0.000000
0.000000
0.124141
0.161656
0.036177
0.029413
0.001707
0.011095
0.111244
0.041098
0.000000
0.000000
0.078113
0.000000
0.000000
0.000000
0.000000
0.000000
0.000000
0.000000
0.000000
0.000000
0.000000
0.000000
0.000000
0.000000
0.045125
0.000000
0.000000
0.033165
0.000000
0.000000
0.088669
0.000000
0.000000
0.023422
0.004145
0.000000
0.000000
0.000000
0.000000
0.000000
0.002790
0.010616
0.053841
0.000000
0.000000
0.000000
0.000000
0.000000
0.015486
0.000000
0.000000
0.000000
0.000000
0.000000
0.000000
0.000000
0.000000
0.000000
0.000000
0.087134
0.030129
0.017200
0.000000
0.000000
0.000000
0.000000
0.051003
0.000000
0.000000
0.000000
0.000000
0.000000
0.000000
0.000000
0.000000
0.000000
0.000688
0.000000
0.000000
0.000000
0.000000
0.000000
0.000000
0.000000
0.000000
0.059242
0.000000
0.000000
0.000000
0.033967
0.000000
0.006274
0.023459
0.010266
0.067997
0.077903
0.002396
0.000000
0.000000
0.012226
0.000000
0.000000
0.000000
0.037852
0.000000
0.005329
0.000000
0.000000
0.017403
0.000000
0.000000
0.000000
0.000000
0.000000
0.000000
0.038297
0.000000
0.000000
0.000000
0.000000
0.043870
0.000000
0.000000
0.000000
0.000000
0.025635
0.000000
0.000000
0.000000
0.000000
0.000000
0.000000
0.000000
0.058080
0.025777
0.000000
0.000000
0.000000
0.000000
0.000000
0.000000
0.003216
0.000000
0.000000
0.000000
0.000000
0.026431
0.000000
0.000000
0.000000
0.000000
0.000000
0.000000
0.043815
0.000000
0.000000
0.000000
0.000000
0.000000
0.000000
0.032395
0.094424
0.000000
0.008984
0.000000
0.000000
0.000000
0.000000
0.000000
0.000000
0.000000
0.012488
0.000000
0.000000
0.000000
0.000000
0.054732
0.042471
0.000000
0.000000
0.007275
0.000000
0.000000
0.000000
0.000000
0.000000
0.000000
0.000000
0.000000
0.000000
0.000000
0.000000
0.000000
0.000000
0.186903
0.008977
0.000000
0.000000
0.000000
0.059312
0.000000
0.000000
0.034613
0.000000
0.000000
0.044636
0.000000
0.132361
0.061900
0.114057
0.285502
0.114949
0.027900
0.000000
0.000000
0.000000
0.000000
0.000000
0.000000
0.000000
0.019576
0.039891
0.024100
0.000000
0.000000
0.065270
0.000000
0.000000
0.000000
0.000000
0.000000
0.000000
0.000000
0.000000
0.049679
0.013162
0.000000
0.013886
0.000000
0.048095
0.000328
0.032576
0.084010
0.042574
0.006185
0.038734
0.010396
0.016012
0.154608
0.015150
0.000000
0.035632
0.015362
0.000000
0.000000
0.000000
0.000000
0.000000
0.011417
0.000000
0.000000
0.115374
0.000000
0.000000
0.000000
0.121979
0.012318
0.000000
0.000000
0.000000
0.000000
0.011199
0.000000
0.000000
0.000000
0.000000
0.000000
0.000000
0.000000
0.000000
0.000000
0.017816
0.000000
0.000000
0.000000
0.000000
0.103619
0.051468
0.227987
0.008265
0.000417
0.000000
0.000000
0.103708
0.015967
0.073747
0.009128
0.003110
0.000000
0.048094
0.000000
0.013432
0.000000
0.010921
0.000000
0.000000
0.023527
0.000000
0.000000
0.000000
0.000000
0.047422
0.057196
0.042752
0.018951
0.000000
0.000000
0.000000
0.000000
0.000000
0.000000
0.000000
0.084516
0.000000
0.005162
0.000000
0.000000
0.000000
0.000000
0.000000
0.074521
0.030747
0.000000
0.041835
0.000000
0.311467
0.091175
0.002511
0.000000
0.002102
0.037130
0.074404
0.131569
0.045862
0.014390
0.005106
0.020153
0.006203
0.000000
0.000000
0.000000
0.083974
0.000000
0.030338
0.000000
0.000000
0.000000
0.000000
0.000000
0.068028
0.017452
0.003976
0.082234
0.000000
0.000000
0.042562
0.000000
0.000000
0.060018
0.000000
0.000000
0.000000
0.000000
0.100282
0.012004
0.000000
0.001511
0.069824
0.000000
0.000000
0.002078
0.000000
0.060245
0.000000
0.000000
0.000000
0.000000
0.001332
0.000000
0.000000
0.000000
0.000000
0.000000
0.063035
0.027796
0.005817
0.000000
0.000000
0.013312
0.174794
0.000000
0.000000
0.000000
0.000000
0.084213
0.000000
0.000000
0.000000
0.000000
0.000000
0.000000
0.000000
0.000046
0.000000
0.000000
0.000000
0.000000
0.000000
0.072530
0.000000
0.000000
0.000000
0.000000
0.000000
0.069894
0.000000
0.000000
0.047362
0.006446
0.012170
0.000000
0.000000
0.000000
0.132776
0.005936
0.018119
0.000000
0.000000
0.000000
0.000000
0.010839
0.000000
0.000000
0.000000
0.000000
0.000000
0.000000
0.033569
0.028157
0.000000
0.000000
0.056477
0.000000
0.000000
0.000000
0.000000
0.000000
0.000000
0.000000
0.000000
0.001883
0.000000
0.000000
0.072207
0.000000
0.000000
0.000000
0.000000
0.000000
0.000000
0.000000
0.000000
0.049601
0.034656
0.000000
0.000000
0.000000
0.000000
0.000000
0.000000
0.042156
0.000000
0.000000
0.000000
0.000000
0.000000
0.043971
0.000000
0.000000
0.000000
0.106514
0.000000
0.000000
0.006693
0.000000
0.000000
0.000000
0.000000
0.000000
0.000000
0.000000
0.000000
0.000000
0.000000
0.000000
0.000000
0.000000
0.000000
0.000000
0.000000
0.000000
0.000000
0.000000
0.000000
0.000000
0.000000
0.000000
0.000000
0.000000
0.000000
0.000000
0.053626
0.000000
0.000000
0.000000
0.000000
0.000000
0.001501
0.000000
0.000000
0.000000
0.000000
0.000000
0.000000
0.000000
0.018528
0.000000
0.000000
0.000000
0.000000
0.097492
0.140636
0.126556
0.003251
0.004928
0.284192
0.007239
0.000000
0.086549
0.000000
0.000000
0.123266
0.029174
0.000000
0.000000
0.000000
0.000000
0.000000
0.000000
0.000000
0.142470
0.060126
0.063344
0.000688
0.048036
0.043530
0.000000
0.000000
0.000000
0.020184
0.010011
0.005237
0.000000
0.108773
0.052009
0.000000
0.000000
0.000000
0.000000
0.000000
0.000000
0.000000
0.000000
0.000000
0.000000
0.036693
0.037961
0.000000
0.016855
0.000000
0.000000
0.000000
0.134666
0.098893
0.000000
0.000000
0.000000
0.064511
0.000000
0.000000
0.000000
0.000000
0.000000
0.000000
0.000000
0.000000
0.000000
0.000000
0.000000
0.000000
0.000000
0.000000
0.052108
0.000000
0.022382
0.000000
0.000000
0.000000
0.000000
0.000000
0.000000
0.000000
0.000000
0.040810
0.044866
0.038076
0.000000
0.000000
0.000000
0.000000
0.000000
0.000000
0.000000
0.000000
0.000000
0.000000
0.004609
0.000000
0.000000
0.000000
0.000000
0.000000
0.000000
0.002365
0.000000
0.073199
0.090188
0.004923
0.000000
0.000000
0.007733
0.000000
0.000000
0.024338
0.055847
0.041953
0.021754
0.000000
0.000000
0.005570
0.000000
0.000000
0.036090
0.000000
0.000000
0.122698
0.074544
0.000000
0.041250
0.041940
0.000000
0.000000
0.083175
0.121630
0.009828
0.098634
0.000000
0.000000
0.048075
0.000000
0.000000
0.068757
0.000000
0.000000
0.000000
0.000000
0.000000
0.000000
0.000000
0.000000
0.000000
0.000000
0.000000
0.000000
0.000000
0.000000
0.132755
0.006189
0.000000
0.000000
0.000000
0.032304
0.000000
0.033470
0.015825
0.000000
0.000000
0.063658
0.000000
0.000000
0.005243
0.000000
0.000000
0.030503
0.007486
0.000000
0.000000
0.000000
0.000000
0.000000
0.000000
0.000000
0.000000
0.000000
0.000000
0.000000
0.000000
0.000000
0.000000
0.000000
0.015486
0.000000
0.000000
0.000000
0.000000
0.000000
0.000000
0.000000
0.000000
0.000000
0.000000
0.087924
0.017656
0.000000
0.000000
0.000047
0.000000
0.085122
0.009158
0.000000
0.000000
0.000000
0.000000
0.016204
0.025153
0.000000
0.000000
0.000000
0.000000
0.000000
0.000000
0.000000
0.000000
0.000000
0.000000
0.063984
0.000000
0.020958
0.017511
0.000000
0.000000
0.000000
0.096777
0.000000
0.000000
0.000000
0.000000
0.000000
0.075038
0.020283
0.000374
0.000000
0.000000
0.000000
0.000000
0.023480
0.000000
0.000000
0.000000
0.023915
0.000000
0.000000
0.000000
0.000000
0.000000
0.000000
0.000000
0.000000
0.031667
0.000000
0.063679
0.000000
0.159750
0.000000
0.000000
0.000000
0.000000
0.000000
0.000000
0.000000
0.008233
0.002853
0.000000
0.017782
0.005156
0.000000
0.033164
0.097938
0.078091
0.000000
0.000000
0.048103
0.007246
0.000000
0.000000
0.000000
0.000000
0.000000
0.000000
0.000000
0.000000
0.000000
0.001825
0.000000
0.000000
0.000000
0.000000
0.061862
0.065288
0.212834
0.021825
0.000000
0.018923
0.000000
0.001101
0.000000
0.101924
0.006390
0.111221
0.000000
0.000000
0.009232
0.000000
0.000000
0.000000
0.009408
0.052631
0.022491
0.000000
0.000000
0.000000
0.000000
0.000000
0.000000
0.000000
0.000000
0.025144
0.000000
0.000000
0.000000
0.000000
0.000000
0.048399
0.006136
0.000000
0.000000
0.000000
0.000000
0.000000
0.063149
0.000000
0.000000
0.000000
0.028442
0.002963
0.000000
0.000000
0.000000
0.000000
0.000000
0.000000
0.000000
0.011917
0.000000
0.048051
0.123767
0.138832
0.024203
0.000000
0.063986
0.041991
0.000000
0.022308
0.148616
0.030220
0.010059
0.000553
0.027756
0.000000
0.000000
0.000000
0.000000
0.200494
0.000000
0.000000
0.000000
0.000000
0.000000
0.000000
0.000000
0.078684
0.126473
0.024496
0.002108
0.071725
0.000000
0.000000
0.000000
0.000000
0.000000
0.000000
0.000000
0.033926
0.000000
0.000000
0.000000
0.000000
0.008019
0.000000
0.000000
0.000000
0.054826
0.068312
0.000000
0.000000
0.000000
0.023971
0.055924
0.047298
0.000000
0.000000
0.000000
0.000000
0.135639
0.000000
0.097159
0.069543
0.079493
0.000808
0.000000
0.029575
0.000000
0.067006
0.079006
0.000000
0.000000
0.023794
0.000000
0.000000
0.000000
0.000000
0.000000
0.000000
0.000000
0.000000
0.000000
0.000000
0.000000
0.004806
0.000000
0.000000
0.000000
0.000000
0.000000
0.008802
0.008671
0.000000
0.000000
0.000000
0.000000
0.000000
0.000000
0.000000
0.000000
0.000000
0.000000
0.000000
0.000000
0.000000
0.028443
0.032221
0.145706
0.025477
0.107546
0.061670
0.017804
0.027170
0.000000
0.000000
0.000000
0.000000
0.000000
0.000000
0.000000
0.000000
0.000000
0.054501
0.202930
0.000000
0.000000
0.000000
0.000000
0.000000
0.000000
0.000000
0.000000
0.000000
0.000000
0.000000
0.000000
0.027069
0.015316
0.000000
0.039796
0.119134
0.035331
0.102345
0.054681
0.008255
0.131650
0.011106
0.000000
0.000000
0.000000
0.036385
0.000000
0.000000
0.000000
0.000000
0.000000
0.027075
0.000000
0.000000
0.000000
0.000000
0.000000
0.022979
0.107214
0.198253
0.000000
0.084128
