0.016698
0.023497
0.059300
0.045236
0.035173
0.113425
0.089488
0.055453
0.063206
0.005633
0.136829
0.052826
0.034372
0.005929
0.010946
0.009521
0.015785
0.003302
0.146840
0.095397
0.080593
0.026801
0.025120
0.060677
0.054364
0.004835
0.039984
0.127109
0.016596
0.038827
0.059867
0.019869
0.057841
0.008825
0.080771
0.021606
0.112456
0.009133
0.011444
0.021133
0.012878
0.015060
0.036373
0.071478
0.057687
0.049055
0.039668
0.047122
0.162879
0.172614
0.050206
0.012604
0.133141
0.132420
0.004432
0.019530
0.009721
0.008125
0.018527
0.008851
0.015160
0.288036
0.025773
0.078285
0.005394
0.034070
0.002256
0.085173
0.036333
0.060521
0.047904
0.023973
0.066962
0.423859
0.421276
0.007814
0.053042
0.048505
0.092015
0.090321
0.010021
0.161765
0.103877
0.006980
0.048058
0.038029
0.050766
0.001667
0.030566
0.029805
0.043128
0.027772
0.016428
