0.014452
0.014452
0.014452
0.014452
0.014452
0.014452
0.014452
0.014452
0.014452
0.014452
0.014452
0.014452
0.014452
0.014452
0.014452
0.014452
0.014452
0.014452
0.014452
0.014452
0.014452
0.014452
0.014452
0.014452
0.014452
0.014452
0.014452
0.014452
0.014452
0.014452
0.014452
0.014452
0.128571
0.128571
0.128571
0.00608108
0.014452
0.128571
0.128571
0.128571
0.00608108
0.014452
0.128571
0.128571
0.128571
0.00608108
0.014452
0.128571
0.128571
0.128571
0.00608108
0.014452
0.128571
0.128571
0.128571
0.00608108
0.014452
0.128571
0.128571
0.128571
0.00608108
0.014452
0.128571
0.128571
0.128571
0.00608108
0.014452
0.128571
0.128571
0.128571
0.00608108
0.014452
0.128571
0.128571
0.128571
0.00608108
0.014452
0.128571
0.128571
0.128571
0.00608108
0.014452
0.128571
0.128571
0.128571
0.00608108
0.014452
0.128571
0.128571
0.128571
0.00608108
0.014452
0.128571
0.128571
0.128571
0.00608108
0.014452
0.128571
0.128571
0.128571
0.00608108
0.014452
0.128571
0.128571
0.128571
0.00608108
0.014452
0.128571
0.128571
0.128571
0.00608108
0.014452
0.128571
0.128571
0.128571
0.00608108
0.014452
0.128571
0.128571
0.128571
0.00608108
0.014452
0.128571
0.128571
0.128571
0.00608108
0.014452
0.128571
0.128571
0.128571
0.00608108
0.014452
0.128571
0.128571
0.128571
0.00608108
0.014452
0.128571
0.128571
0.128571
0.00608108
0.014452
0.128571
0.128571
0.128571
0.00608108
0.014452
0.128571
0.128571
0.128571
0.00608108
0.014452
0.128571
0.128571
0.128571
0.00608108
0.014452
0.128571
0.128571
0.128571
0.00608108
0.014452
0.128571
0.128571
0.128571
0.00608108
0.014452
0.128571
0.128571
0.128571
0.00608108
0.014452
0.128571
0.128571
0.128571
0.00608108
0.014452
0.128571
0.128571
0.128571
0.00608108
0.014452
0.128571
0.128571
0.128571
0.00608108
0.014452
0.128571
0.128571
0.128571
0.014452
0.128571
0.128571
0.128571
0.00608108
