0.886792
0.886792
0.886792
0.886792
0.886792
0.886792
0.886792
0.886792
0.886792
0.886792
0.886792
0.886792
0.886792
0.886792
0.886792
0.886792
0.886792
0.886792
0.886792
0.886792
0.886792
0.886792
0.886792
0.886792
0.886792
0.886792
0.886792
0.886792
0.886792
0.886792
0.886792
0.886792
0.7
0.7
0.7
0.925
0.886792
0.7
0.7
0.7
0.925
0.886792
0.7
0.7
0.7
0.925
0.886792
0.7
0.7
0.7
0.925
0.886792
0.7
0.7
0.7
0.925
0.886792
0.7
0.7
0.7
0.925
0.886792
0.7
0.7
0.7
0.925
0.886792
0.7
0.7
0.7
0.925
0.886792
0.7
0.7
0.7
0.925
0.886792
0.7
0.7
0.7
0.925
0.886792
0.7
0.7
0.7
0.925
0.886792
0.7
0.7
0.7
0.925
0.886792
0.7
0.7
0.7
0.925
0.886792
0.7
0.7
0.7
0.925
0.886792
0.7
0.7
0.7
0.925
0.886792
0.7
0.7
0.7
0.925
0.886792
0.7
0.7
0.7
0.925
0.886792
0.7
0.7
0.7
0.925
0.886792
0.7
0.7
0.7
0.925
0.886792
0.7
0.7
0.7
0.925
0.886792
0.7
0.7
0.7
0.925
0.886792
0.7
0.7
0.7
0.925
0.886792
0.7
0.7
0.7
0.925
0.886792
0.7
0.7
0.7
0.925
0.886792
0.7
0.7
0.7
0.925
0.886792
0.7
0.7
0.7
0.925
0.886792
0.7
0.7
0.7
0.925
0.886792
0.7
0.7
0.7
0.925
0.886792
0.7
0.7
0.7
0.925
0.886792
0.7
0.7
0.7
0.925
0.886792
0.7
0.7
0.7
0.925
0.886792
0.7
0.7
0.7
0.886792
0.7
0.7
0.7
0.925
