0.12766
0.12766
0.12766
0.12766
0.12766
0.12766
0.12766
0.12766
0.12766
0.12766
0.12766
0.12766
0.12766
0.12766
0.12766
0.12766
0.12766
0.12766
0.12766
0.12766
0.12766
0.12766
0.12766
0.12766
0.12766
0.12766
0.12766
0.12766
0.12766
0.12766
0.12766
0.12766
0.428571
0.428571
0.428571
0.0810811
0.12766
0.428571
0.428571
0.428571
0.0810811
0.12766
0.428571
0.428571
0.428571
0.0810811
0.12766
0.428571
0.428571
0.428571
0.0810811
0.12766
0.428571
0.428571
0.428571
0.0810811
0.12766
0.428571
0.428571
0.428571
0.0810811
0.12766
0.428571
0.428571
0.428571
0.0810811
0.12766
0.428571
0.428571
0.428571
0.0810811
0.12766
0.428571
0.428571
0.428571
0.0810811
0.12766
0.428571
0.428571
0.428571
0.0810811
0.12766
0.428571
0.428571
0.428571
0.0810811
0.12766
0.428571
0.428571
0.428571
0.0810811
0.12766
0.428571
0.428571
0.428571
0.0810811
0.12766
0.428571
0.428571
0.428571
0.0810811
0.12766
0.428571
0.428571
0.428571
0.0810811
0.12766
0.428571
0.428571
0.428571
0.0810811
0.12766
0.428571
0.428571
0.428571
0.0810811
0.12766
0.428571
0.428571
0.428571
0.0810811
0.12766
0.428571
0.428571
0.428571
0.0810811
0.12766
0.428571
0.428571
0.428571
0.0810811
0.12766
0.428571
0.428571
0.428571
0.0810811
0.12766
0.428571
0.428571
0.428571
0.0810811
0.12766
0.428571
0.428571
0.428571
0.0810811
0.12766
0.428571
0.428571
0.428571
0.0810811
0.12766
0.428571
0.428571
0.428571
0.0810811
0.12766
0.428571
0.428571
0.428571
0.0810811
0.12766
0.428571
0.428571
0.428571
0.0810811
0.12766
0.428571
0.428571
0.428571
0.0810811
0.12766
0.428571
0.428571
0.428571
0.0810811
0.12766
0.428571
0.428571
0.428571
0.0810811
0.12766
0.428571
0.428571
0.428571
0.0810811
0.12766
0.428571
0.428571
0.428571
0.12766
0.428571
0.428571
0.428571
0.0810811
