0.0212766
0.0212766
0.0212766
0.0212766
0.0212766
0.0212766
0.0212766
0.0212766
0.0212766
0.0212766
0.0212766
0.0212766
0.0212766
0.0212766
0.0212766
0.0212766
0.0212766
0.0212766
0.0212766
0.0212766
0.0212766
0.0212766
0.0212766
0.0212766
0.0212766
0.0212766
0.0212766
0.0212766
0.0212766
0.0212766
0.0212766
0.0212766
0.0714286
0.0714286
0.0714286
0.0135135
0.0212766
0.0714286
0.0714286
0.0714286
0.0135135
0.0212766
0.0714286
0.0714286
0.0714286
0.0135135
0.0212766
0.0714286
0.0714286
0.0714286
0.0135135
0.0212766
0.0714286
0.0714286
0.0714286
0.0135135
0.0212766
0.0714286
0.0714286
0.0714286
0.0135135
0.0212766
0.0714286
0.0714286
0.0714286
0.0135135
0.0212766
0.0714286
0.0714286
0.0714286
0.0135135
0.0212766
0.0714286
0.0714286
0.0714286
0.0135135
0.0212766
0.0714286
0.0714286
0.0714286
0.0135135
0.0212766
0.0714286
0.0714286
0.0714286
0.0135135
0.0212766
0.0714286
0.0714286
0.0714286
0.0135135
0.0212766
0.0714286
0.0714286
0.0714286
0.0135135
0.0212766
0.0714286
0.0714286
0.0714286
0.0135135
0.0212766
0.0714286
0.0714286
0.0714286
0.0135135
0.0212766
0.0714286
0.0714286
0.0714286
0.0135135
0.0212766
0.0714286
0.0714286
0.0714286
0.0135135
0.0212766
0.0714286
0.0714286
0.0714286
0.0135135
0.0212766
0.0714286
0.0714286
0.0714286
0.0135135
0.0212766
0.0714286
0.0714286
0.0714286
0.0135135
0.0212766
0.0714286
0.0714286
0.0714286
0.0135135
0.0212766
0.0714286
0.0714286
0.0714286
0.0135135
0.0212766
0.0714286
0.0714286
0.0714286
0.0135135
0.0212766
0.0714286
0.0714286
0.0714286
0.0135135
0.0212766
0.0714286
0.0714286
0.0714286
0.0135135
0.0212766
0.0714286
0.0714286
0.0714286
0.0135135
0.0212766
0.0714286
0.0714286
0.0714286
0.0135135
0.0212766
0.0714286
0.0714286
0.0714286
0.0135135
0.0212766
0.0714286
0.0714286
0.0714286
0.0135135
0.0212766
0.0714286
0.0714286
0.0714286
0.0135135
0.0212766
0.0714286
0.0714286
0.0714286
0.0135135
0.0212766
0.0714286
0.0714286
0.0714286
0.0212766
0.0714286
0.0714286
0.0714286
0.0135135
