0.113208
0.113208
0.113208
0.113208
0.113208
0.113208
0.113208
0.113208
0.113208
0.113208
0.113208
0.113208
0.113208
0.113208
0.113208
0.113208
0.113208
0.113208
0.113208
0.113208
0.113208
0.113208
0.113208
0.113208
0.113208
0.113208
0.113208
0.113208
0.113208
0.113208
0.113208
0.113208
0.3
0.3
0.3
0.075
0.113208
0.3
0.3
0.3
0.075
0.113208
0.3
0.3
0.3
0.075
0.113208
0.3
0.3
0.3
0.075
0.113208
0.3
0.3
0.3
0.075
0.113208
0.3
0.3
0.3
0.075
0.113208
0.3
0.3
0.3
0.075
0.113208
0.3
0.3
0.3
0.075
0.113208
0.3
0.3
0.3
0.075
0.113208
0.3
0.3
0.3
0.075
0.113208
0.3
0.3
0.3
0.075
0.113208
0.3
0.3
0.3
0.075
0.113208
0.3
0.3
0.3
0.075
0.113208
0.3
0.3
0.3
0.075
0.113208
0.3
0.3
0.3
0.075
0.113208
0.3
0.3
0.3
0.075
0.113208
0.3
0.3
0.3
0.075
0.113208
0.3
0.3
0.3
0.075
0.113208
0.3
0.3
0.3
0.075
0.113208
0.3
0.3
0.3
0.075
0.113208
0.3
0.3
0.3
0.075
0.113208
0.3
0.3
0.3
0.075
0.113208
0.3
0.3
0.3
0.075
0.113208
0.3
0.3
0.3
0.075
0.113208
0.3
0.3
0.3
0.075
0.113208
0.3
0.3
0.3
0.075
0.113208
0.3
0.3
0.3
0.075
0.113208
0.3
0.3
0.3
0.075
0.113208
0.3
0.3
0.3
0.075
0.113208
0.3
0.3
0.3
0.075
0.113208
0.3
0.3
0.3
0.075
0.113208
0.3
0.3
0.3
0.113208
0.3
0.3
0.3
0.075
