0.00240867
0.00240867
0.00240867
0.00240867
0.00240867
0.00240867
0.00240867
0.00240867
0.00240867
0.00240867
0.00240867
0.00240867
0.00240867
0.00240867
0.00240867
0.00240867
0.00240867
0.00240867
0.00240867
0.00240867
0.00240867
0.00240867
0.00240867
0.00240867
0.00240867
0.00240867
0.00240867
0.00240867
0.00240867
0.00240867
0.00240867
0.00240867
0.0214286
0.0214286
0.0214286
0.00101351
0.00240867
0.0214286
0.0214286
0.0214286
0.00101351
0.00240867
0.0214286
0.0214286
0.0214286
0.00101351
0.00240867
0.0214286
0.0214286
0.0214286
0.00101351
0.00240867
0.0214286
0.0214286
0.0214286
0.00101351
0.00240867
0.0214286
0.0214286
0.0214286
0.00101351
0.00240867
0.0214286
0.0214286
0.0214286
0.00101351
0.00240867
0.0214286
0.0214286
0.0214286
0.00101351
0.00240867
0.0214286
0.0214286
0.0214286
0.00101351
0.00240867
0.0214286
0.0214286
0.0214286
0.00101351
0.00240867
0.0214286
0.0214286
0.0214286
0.00101351
0.00240867
0.0214286
0.0214286
0.0214286
0.00101351
0.00240867
0.0214286
0.0214286
0.0214286
0.00101351
0.00240867
0.0214286
0.0214286
0.0214286
0.00101351
0.00240867
0.0214286
0.0214286
0.0214286
0.00101351
0.00240867
0.0214286
0.0214286
0.0214286
0.00101351
0.00240867
0.0214286
0.0214286
0.0214286
0.00101351
0.00240867
0.0214286
0.0214286
0.0214286
0.00101351
0.00240867
0.0214286
0.0214286
0.0214286
0.00101351
0.00240867
0.0214286
0.0214286
0.0214286
0.00101351
0.00240867
0.0214286
0.0214286
0.0214286
0.00101351
0.00240867
0.0214286
0.0214286
0.0214286
0.00101351
0.00240867
0.0214286
0.0214286
0.0214286
0.00101351
0.00240867
0.0214286
0.0214286
0.0214286
0.00101351
0.00240867
0.0214286
0.0214286
0.0214286
0.00101351
0.00240867
0.0214286
0.0214286
0.0214286
0.00101351
0.00240867
0.0214286
0.0214286
0.0214286
0.00101351
0.00240867
0.0214286
0.0214286
0.0214286
0.00101351
0.00240867
0.0214286
0.0214286
0.0214286
0.00101351
0.00240867
0.0214286
0.0214286
0.0214286
0.00101351
0.00240867
0.0214286
0.0214286
0.0214286
0.00101351
0.00240867
0.0214286
0.0214286
0.0214286
0.00240867
0.0214286
0.0214286
0.0214286
0.00101351
